%time,field.header.seq,field.header.stamp,field.header.frame_id,field.pose.position.x,field.pose.position.y,field.pose.position.z,field.pose.orientation.x,field.pose.orientation.y,field.pose.orientation.z,field.pose.orientation.w
1489621327383266160,52,1489621327383164333,fcu,-0.0315317511559,0.0236527677625,2.00157618523,-0.00360210359095,0.000434637076479,-0.70606852605,-0.708134219243
1489621327615915135,53,1489621327615815994,fcu,-0.0320635251701,0.0253074150532,2.00128006935,-0.00345126797688,0.000368142564048,-0.7060564796,-0.708147019224
1489621327847370714,54,1489621327847278643,fcu,-0.0331335179508,0.027776658535,2.00128793716,-0.00336220981179,0.000319129152245,-0.706060988439,-0.708142975893
1489621328082123099,55,1489621328082018276,fcu,-0.0338063128293,0.0299503318965,2.00140452385,-0.00316821862585,0.000326871971426,-0.706064804769,-0.708140061719
1489621328316513175,56,1489621328316423126,fcu,-0.0347973778844,0.0311267673969,2.00136399269,-0.00309541203962,0.000367332055138,-0.706078511051,-0.708126697507
1489621328582465308,57,1489621328582362183,fcu,-0.0348882190883,0.0312245413661,2.00124764442,-0.00332495975128,0.000322392459425,-0.706078281926,-0.708125907235
1489621328814729180,58,1489621328814635483,fcu,-0.0353659205139,0.0323975421488,2.00115442276,-0.0033794079993,0.000106717064112,-0.70607848098,-0.708125516353
1489621329049198257,59,1489621329049113739,fcu,-0.0375602915883,0.0349580831826,2.00109052658,-0.00323070073992,0.00011582404864,-0.706082073868,-0.708122626471
1489621329283225616,60,1489621329283134343,fcu,-0.0397352091968,0.0367427617311,2.00112080574,-0.00336225150092,0.00016850503823,-0.706083972952,-0.708120109876
1489621329516377503,61,1489621329516285436,fcu,-0.0400623567402,0.0364916622639,2.00122141838,-0.00423564652722,2.61873943942e-05,-0.706073168919,-0.708126216677
1489621329781004544,62,1489621329780917263,fcu,-0.0405452027917,0.037709902972,2.00143432617,-0.00301611634894,-9.49305359724e-05,-0.706071435336,-0.708134183777
1489621330015447998,63,1489621330015367546,fcu,-0.0513326823711,0.0493268333375,2.00151562691,0.00839127258396,-0.000821733967242,-0.70606603045,-0.708095807037
1489621330249914122,64,1489621330249800043,fcu,-0.0823431015015,0.0827320814133,2.00124025345,0.0258113450098,-0.00119010543824,-0.705933111715,-0.707807035781
1489621330483599057,65,1489621330483518133,fcu,-0.144488483667,0.148136883974,2.0004658699,0.0441973440335,-0.00151083356296,-0.705740116202,-0.707089245107
1489621330715044976,66,1489621330714949305,fcu,-0.253092616796,0.259866625071,1.99927330017,0.0703634051028,-0.00099975491896,-0.70527894113,-0.705428668904
1489621330981472387,67,1489621330981357158,fcu,-0.416329711676,0.431068390608,1.99818778038,0.0961009079704,-0.00510453838354,-0.704924899066,-0.702722879841
1489621331215563195,68,1489621331215461239,fcu,-0.62130856514,0.654283106327,1.99781298637,0.0923619722844,-0.0103013238513,-0.706193712725,-0.701892861419
1489621331450815656,69,1489621331450743792,fcu,-0.836800038815,0.901694536209,1.99836504459,0.0587469694736,-0.0140960057668,-0.707628744985,-0.70399691439
1489621331683139129,70,1489621331683053630,fcu,-1.04066610336,1.14416444302,1.99924004078,0.0312315662836,-0.00981684669485,-0.70732045311,-0.706134544829
1489621331948915230,71,1489621331948831026,fcu,-1.22472000122,1.36842870712,1.99976468086,0.0135182274029,-0.00622642989432,-0.706125624574,-0.707930145861
1489621332181697137,72,1489621332181607120,fcu,-1.39283037186,1.57501482964,1.99940502644,0.0170009029019,-0.0047019615477,-0.705228873115,-0.708760253812
1489621332416400201,73,1489621332416320819,fcu,-1.55794894695,1.77548420429,1.99806332588,0.0258687413471,-0.00259346324865,-0.705063950462,-0.708666993678
1489621332650040771,74,1489621332649940950,fcu,-1.72743046284,1.97585904598,1.99764895439,0.0347024075407,-0.000353865653933,-0.705398906449,-0.707960451205
1489621332882593829,75,1489621332882488728,fcu,-1.90380883217,2.17600512505,1.99769020081,0.0379463656026,0.000581454778899,-0.70596144255,-0.707232760045
1489621333147443253,76,1489621333147368194,fcu,-2.0876865387,2.37066102028,1.99764609337,0.0363520838259,0.00645327580772,-0.706481544478,-0.706767789691
1489621333381456412,77,1489621333381354863,fcu,-2.26739668846,2.56126666069,1.9973500967,0.0288193896816,-0.00269980593596,-0.706433584711,-0.707187205921
1489621333617481204,78,1489621333617378253,fcu,-2.43217587471,2.75520992279,1.99725246429,0.0238881491411,-0.0149077277758,-0.706036000278,-0.707615914388
1489621333849959673,79,1489621333849859289,fcu,-2.57836866379,2.95592498779,1.99717772007,0.0227085489382,-0.0196303600955,-0.705752957796,-0.707821823152
1489621334083211616,80,1489621334083134902,fcu,-2.71028637886,3.16663527489,1.99735116959,0.0272149305131,-0.0228652731219,-0.705591153428,-0.7077271021
1489621334347794049,81,1489621334347700194,fcu,-2.8380279541,3.38339066505,1.99754571915,0.0319550434195,-0.0148148516401,-0.705859178607,-0.707475946833
1489621334582255201,82,1489621334582132867,fcu,-2.96532464027,3.59850859642,1.99783289433,0.0291181603578,-0.00741877164778,-0.706101147919,-0.707473153888
1489621334816447357,83,1489621334816359182,fcu,-3.09160995483,3.80757164955,1.99825358391,0.023652005536,-0.0060383078998,-0.706125910035,-0.70766540162
1489621335050750949,84,1489621335050668920,fcu,-3.2151196003,4.01050329208,1.99828493595,0.0225032911615,-0.00644538198934,-0.706044535477,-0.707780455269
1489621335282189871,85,1489621335282110310,fcu,-3.3331091404,4.20952749252,1.99842584133,0.0225301701778,-0.00975654139681,-0.705938121452,-0.707847843829
1489621335548286131,86,1489621335548164204,fcu,-3.44602537155,4.40768003464,1.99848771095,0.0236149675935,-0.0104423631325,-0.705926618421,-0.70781417036
1489621335783054605,87,1489621335782962104,fcu,-3.54970121384,4.60564756393,1.99881505966,0.0205607171112,-0.0147544797882,-0.705878374912,-0.707880838891
1489621336017200813,88,1489621336017104786,fcu,-3.64266729355,4.80547094345,1.99954938889,0.0180571155365,-0.0187991039622,-0.705822218358,-0.707909267025
1489621336248770457,89,1489621336248675373,fcu,-3.72653245926,5.00424957275,2.00043010712,0.0168395548426,-0.016903464215,-0.705899728749,-0.707909793153
1489621336481501357,90,1489621336481418514,fcu,-3.81153869629,5.20133972168,2.00096821785,0.0252793733029,-0.00893473335333,-0.706029445031,-0.707674746317
1489621336749179244,91,1489621336749100157,fcu,-3.9060857296,5.40091991425,2.00072693825,0.0327870860047,-0.00627894578259,-0.706021045568,-0.707403608307
1489621336983594699,92,1489621336983479960,fcu,-4.01130867004,5.60130023956,2.00060415268,0.0323005430361,-0.00396525071792,-0.70612136952,-0.707342606672
1489621337216726732,93,1489621337216612875,fcu,-4.1302485466,5.80162668228,2.00082874298,0.0342374936704,-0.000144647565734,-0.706170486986,-0.707213557855
1489621337448539893,94,1489621337448449194,fcu,-4.2568063736,6.00040769577,2.00079846382,0.0300647556539,-0.00241420361359,-0.706153376223,-0.707416207997
1489621337682390221,95,1489621337682302565,fcu,-4.38297653198,6.1936378479,2.00100636482,0.0251465722198,-0.00497176622765,-0.706091260356,-0.707656741291
1489621337950463677,96,1489621337950370122,fcu,-4.50561237335,6.38141441345,2.00146436691,0.0227443835811,-0.0060538614159,-0.706018691835,-0.707801985415
1489621338182559698,97,1489621338182462483,fcu,-4.62469291687,6.56742143631,2.00223493576,0.023395829446,-0.00797698072429,-0.705944572787,-0.707835618697
1489621338415416853,98,1489621338415331319,fcu,-4.73363733292,6.75654029846,2.00249814987,0.0208780286208,-0.0161979746654,-0.705802280025,-0.707915867211
1489621338648932454,99,1489621338648840167,fcu,-4.82547664642,6.94990444183,2.00290894508,0.0157298999164,-0.0223759985289,-0.705694744718,-0.70798786163
1489621338883414878,100,1489621338883319845,fcu,-4.9006357193,7.14228105545,2.00315594673,0.0120118980424,-0.0216928151743,-0.705738638201,-0.708038212687
1489621339149872201,101,1489621339149726089,fcu,-4.96157169342,7.3304309845,2.003064394,0.00951266919188,-0.0188377471356,-0.705800594268,-0.708096158399
1489621339381884186,102,1489621339381796308,fcu,-5.01380062103,7.51270484924,2.00302958488,0.0117854307106,-0.0149196358298,-0.705904746715,-0.708051549433
1489621339615101139,103,1489621339615008697,fcu,-5.06388616562,7.69224596024,2.00314879417,0.0152135672765,-0.0118380349103,-0.705979368941,-0.707970012733
1489621339849609296,104,1489621339849509208,fcu,-5.1136007309,7.87339448929,2.00372505188,0.0182813869433,-0.0131023209048,-0.705955737483,-0.707898733431
1489621340083457713,105,1489621340083377999,fcu,-5.16640472412,8.05968475342,2.00425648689,0.0241441019972,-0.0143473322154,-0.705918564824,-0.707735965057
1489621340348397285,106,1489621340348228038,fcu,-5.22422456741,8.25019359589,2.00433635712,0.0263122842236,-0.0125672764609,-0.705956871013,-0.707654310755
1489621340582032738,107,1489621340581929586,fcu,-5.28639268875,8.43799686432,2.00456213951,0.022510488884,-0.00967959937802,-0.706049178036,-0.707738752253
1489621340816154303,108,1489621340816041542,fcu,-5.35546350479,8.62142562866,2.00487470627,0.0218324947657,-0.00527299939442,-0.706109546189,-0.707746315024
1489621341050379359,109,1489621341050285171,fcu,-5.42863607407,8.79843425751,2.00503182411,0.0176007874437,-0.00520533871416,-0.706089016562,-0.707885172482
1489621341283012176,110,1489621341282918290,fcu,-5.50230836868,8.97038650513,2.00485777855,0.0180295575345,-0.00743504677194,-0.705985315908,-0.707957900483
1489621341548436636,111,1489621341548329322,fcu,-5.57304573059,9.14494800568,2.00451183319,0.0206338393277,-0.0124507808542,-0.705861826489,-0.707939478089
1489621341782536939,112,1489621341782463234,fcu,-5.63728141785,9.32364177704,2.00409507751,0.0187500502601,-0.0189948192194,-0.705747225024,-0.707960794698
1489621342017191760,113,1489621342017102803,fcu,-5.69813585281,9.50410079956,2.00393366814,0.0177678487697,-0.0159665853507,-0.705868956425,-0.707939537007
1489621342249691575,114,1489621342249604444,fcu,-5.7552857399,9.68128967285,2.00422620773,0.0134469279087,-0.0115654370331,-0.705989935341,-0.707999740108
1489621342482258286,115,1489621342482152395,fcu,-5.79996347427,9.85265827179,2.0043284893,0.00767408340838,-0.017868646167,-0.705871858824,-0.708072551967
1489621342748585077,116,1489621342748465559,fcu,-5.83013391495,10.0203332901,2.00423717499,0.00562852715097,-0.0209229967915,-0.705783903022,-0.708095777506
1489621342983622588,117,1489621342983520985,fcu,-5.84914016724,10.1777067184,2.00381135941,0.00172047750098,-0.014429661522,-0.705865922479,-0.708196388234
1489621343217306222,118,1489621343217218461,fcu,-5.86300706863,10.3195762634,2.00351786613,-0.00218221964116,-0.00609841464597,-0.70599132596,-0.708190860521
1489621343449180555,119,1489621343449101403,fcu,-5.88113689423,10.447804451,2.00326895714,0.00310190603563,-0.00059707180563,-0.706108846027,-0.70809626411
1489621343682082333,120,1489621343681997654,fcu,-5.91177511215,10.5721635818,2.00298523903,0.01684457745,0.000543868418819,-0.7060872273,-0.707924283989
1489621343949687000,121,1489621343949557147,fcu,-5.96290588379,10.6964702606,2.00286650658,0.0264075268909,0.00375246690531,-0.70604682311,-0.707662663345
1489621344184013629,122,1489621344183931925,fcu,-6.02875185013,10.8212022781,2.002846241,0.0243452654338,0.00138578330337,-0.70607427515,-0.70771781497
1489621344416324870,123,1489621344416214274,fcu,-6.09953355789,10.9506225586,2.00280117989,0.0188880756824,-0.00644203658141,-0.70602721196,-0.707903465689
1489621344648998230,124,1489621344648849666,fcu,-6.16996240616,11.0846061707,2.00260901451,0.0169327346645,-0.0101575433393,-0.705970938238,-0.707965494338
1489621344882132952,125,1489621344882036126,fcu,-6.23737764359,11.2234067917,2.00241351128,0.0171878087133,-0.010554801287,-0.705963244445,-0.707961208609
1489621345150233524,126,1489621345150138730,fcu,-6.29670000076,11.3746910095,2.00237679482,0.02071481174,-0.0210370009658,-0.705725699383,-0.707869746772
1489621345383297030,127,1489621345383196831,fcu,-6.34197330475,11.5438756943,2.0018093586,0.0208617302615,-0.0328818659159,-0.705359017076,-0.707779787882
1489621345615970772,128,1489621345615888330,fcu,-6.37693548203,11.7263326645,2.00144457817,0.0176973973136,-0.0276164239268,-0.705539563248,-0.707911053699
1489621345849705986,129,1489621345849625597,fcu,-6.40797424316,11.9132900238,2.00177145004,0.0152027434361,-0.0205351043958,-0.705781495722,-0.707968690251
1489621346083240511,130,1489621346083149321,fcu,-6.43242883682,12.097237587,2.00225234032,0.011978240805,-0.0189926279093,-0.705886839237,-0.707968623615
1489621346348484335,131,1489621346348397506,fcu,-6.44761705399,12.2733507156,2.0025408268,0.00509992409581,-0.0170443818512,-0.705931932522,-0.708056202901
1489621346582877601,132,1489621346582771095,fcu,-6.45111322403,12.441778183,2.00273346901,0.00107390615995,-0.0183806017838,-0.705905056081,-0.708067123938
1489621346816509779,133,1489621346816420175,fcu,-6.45047426224,12.6068248749,2.00269675255,0.00666080554583,-0.0172710399255,-0.705957527609,-0.708012227339
1489621347049438946,134,1489621347049334153,fcu,-6.45391893387,12.7710351944,2.00251054764,0.0134302506568,-0.0139946135164,-0.705985076239,-0.707961052098
1489621347282632431,135,1489621347282547248,fcu,-6.46547174454,12.9263887405,2.00224709511,0.0126619565582,-0.00527588086846,-0.706088133711,-0.707991092719
1489621347549879360,136,1489621347549794796,fcu,-6.48310184479,13.0644807816,2.00196409225,0.00573130930866,-0.0004129860792,-0.706110446834,-0.708078398489
1489621347782529805,137,1489621347782432257,fcu,-6.49825716019,13.1804838181,2.00211620331,-0.00410455529095,0.000549836878137,-0.706080413139,-0.708119552397
1489621348015679904,138,1489621348015589882,fcu,-6.50756883621,13.2760305405,2.00193738937,-0.00976868348161,-0.00113877325114,-0.706041689079,-0.708101976626
1489621348249802732,139,1489621348249696566,fcu,-6.50920295715,13.3575763702,2.0016310215,-0.00838316031491,-0.00336638158914,-0.706072813605,-0.70808161393
1489621348516614850,140,1489621348516510110,fcu,-6.50451946259,13.4306211472,2.00168037415,-0.00533737625864,-0.00588916362267,-0.706093015154,-0.708074490514
1489621348749357357,141,1489621348749247839,fcu,-6.49445581436,13.4989891052,2.00176644325,-0.00443491992976,-0.00731690718822,-0.706077472052,-0.708082903208
1489621348982463413,142,1489621348982379146,fcu,-6.47772550583,13.5669136047,2.00209879875,-0.00295924255008,-0.0117625826043,-0.706026066237,-0.708081971475
1489621349216537475,143,1489621349216454863,fcu,-6.45515489578,13.6413955688,2.00255012512,-0.00158897833612,-0.0165249638396,-0.70592765013,-0.7080893683
1489621349449503333,144,1489621349449408041,fcu,-6.42831468582,13.7302236557,2.0028116703,0.00634236077801,-0.0220285742445,-0.705820038675,-0.708020189953
1489621349715344943,145,1489621349715256833,fcu,-6.39755392075,13.8316259384,2.00272846222,0.0079319578759,-0.0235141211815,-0.70567846767,-0.708097500643
1489621349949875388,146,1489621349949793757,fcu,-6.36504840851,13.9342355728,2.00300526619,0.00287231529261,-0.0149362177394,-0.705760163137,-0.708287548481
1489621350183920000,147,1489621350183821837,fcu,-6.33378171921,14.0305109024,2.00330781937,0.000253774552507,-0.00968900133055,-0.705905678741,-0.708239529801
1489621350415713132,148,1489621350415627635,fcu,-6.30474328995,14.1173677444,2.0034558773,-0.00340064094589,-0.00575595691958,-0.706040330542,-0.708140068242
1489621350649322909,149,1489621350649248721,fcu,-6.27721738815,14.1905622482,2.00362062454,-0.00757453412383,-0.00135015717401,-0.706149428068,-0.708021036939
1489621350916632762,150,1489621350916538014,fcu,-6.24743366241,14.2552566528,2.00363659859,-0.00624248706968,-0.00500361656015,-0.70623043995,-0.707936833951
1489621351149663711,151,1489621351149554809,fcu,-6.21040391922,14.3203859329,2.00364542007,-0.00275887852298,-0.0147402625404,-0.706142278778,-0.707911149348
1489621351383324518,152,1489621351383225153,fcu,-6.16509580612,14.385761261,2.00363492966,-0.00548840207028,-0.0154604652945,-0.705934374819,-0.708087219137
1489621351616327970,153,1489621351616227917,fcu,-6.11161565781,14.443816185,2.00357913971,-0.0129676612571,-0.0113644147769,-0.705789241834,-0.708211999298
1489621351849318634,154,1489621351849235817,fcu,-6.04735279083,14.4907808304,2.00320792198,-0.0199042960396,-0.0102828963331,-0.705784827355,-0.708071930328
1489621352116265933,155,1489621352116137917,fcu,-5.97016572952,14.5278654099,2.00332522392,-0.0219954170284,-0.0120382646314,-0.705967360013,-0.707800373276
1489621352349825936,156,1489621352349703614,fcu,-5.8877863884,14.5656986237,2.00329256058,-0.0111198025902,-0.0142076624529,-0.706244072108,-0.707738513104
1489621352583124282,157,1489621352583034839,fcu,-5.8089761734,14.6187543869,2.00320720673,0.00452863927297,-0.0188772020441,-0.706184574344,-0.707761605082
1489621352815507035,158,1489621352815425610,fcu,-5.7397146225,14.6995182037,2.00314259529,0.01768942418,-0.0241215747236,-0.705787356381,-0.707791947876
1489621353049576852,159,1489621353049480738,fcu,-5.67653751373,14.8067026138,2.00304818153,0.0174056184784,-0.0275525998448,-0.705390261558,-0.708069542903
1489621353317047753,160,1489621353316951404,fcu,-5.61405849457,14.9285135269,2.00309276581,0.0101896505645,-0.0279059844066,-0.705231748409,-0.708354154425
1489621353549449884,161,1489621353549334756,fcu,-5.55239057541,15.0561571121,2.00288891792,0.00542006375957,-0.0230274782607,-0.705454061562,-0.70836073097
1489621353782061188,162,1489621353781898636,fcu,-5.49504852295,15.1865854263,2.00314855576,0.00651173261843,-0.0185211803316,-0.705799817442,-0.708139238368
1489621354016009484,163,1489621354015913922,fcu,-5.44652032852,15.3167209625,2.00323414803,0.00729105849904,-0.0145060095166,-0.706050313126,-0.707975544414
1489621354250406427,164,1489621354250320965,fcu,-5.41056442261,15.4382791519,2.00308656693,0.00546534336372,-0.003914255299,-0.706243296472,-0.707937295822
1489621354516253211,165,1489621354516153565,fcu,-5.38554906845,15.5427036285,2.0027449131,0.00098792144386,0.00331451558092,-0.706259686986,-0.707944413451
1489621354750233784,166,1489621354750129722,fcu,-5.36029100418,15.6316947937,2.00232839584,-0.00566413210453,-0.00229722235918,-0.706203500474,-0.707982525417
1489621354982933030,167,1489621354982843703,fcu,-5.32231092453,15.7072782516,2.00195980072,-0.0152119308397,-0.0121570908094,-0.706005034511,-0.707939046493
1489621355217093014,168,1489621355216998312,fcu,-5.2672252655,15.7706928253,2.00154590607,-0.0220338290663,-0.0150418263179,-0.705841352212,-0.707867388248
1489621355449359362,169,1489621355449276115,fcu,-5.19831323624,15.8248624802,2.0015912056,-0.0198654413067,-0.0141230551131,-0.705905569048,-0.707886453567
1489621355716231444,170,1489621355716136742,fcu,-5.11995601654,15.874083519,2.00172567368,-0.0145017836524,-0.01450534823,-0.706017203691,-0.707897592337
1489621355949588904,171,1489621355949494123,fcu,-5.03598308563,15.9263496399,2.00196671486,-0.00731053668937,-0.0174713596472,-0.706019274119,-0.707939328062
1489621356182879074,172,1489621356182778551,fcu,-4.94688940048,15.9820299149,2.00196313858,-0.00821475513684,-0.0187044364962,-0.705838140862,-0.708078513131
1489621356416220468,173,1489621356416120643,fcu,-4.85081291199,16.0428504944,2.00207209587,-0.0107221232384,-0.0211656776752,-0.705696181506,-0.708117186325
1489621356649881512,174,1489621356649799736,fcu,-4.74320220947,16.1056537628,2.00209879875,-0.0145287569783,-0.0244562966905,-0.705570735716,-0.708068317095
1489621356915697036,175,1489621356915581350,fcu,-4.62162303925,16.1642818451,2.00202083588,-0.0217212541422,-0.0223582782076,-0.70551153458,-0.70801254868
1489621357149816090,176,1489621357149735113,fcu,-4.49228858948,16.214630127,2.00215482712,-0.0215454255235,-0.0180297709554,-0.705771177623,-0.707882593962
1489621357382974355,177,1489621357382882233,fcu,-4.36425542831,16.2597446442,2.00239992142,-0.0148789893168,-0.0123268012354,-0.706096759997,-0.707851701396
1489621357616745603,178,1489621357616666142,fcu,-4.24488639832,16.306930542,2.00249910355,-0.00618944444198,-0.0124752412775,-0.706254396096,-0.707821154761
1489621357849437697,179,1489621357849334287,fcu,-4.13480758667,16.3627986908,2.00192379951,-0.000597790035857,-0.0159471715305,-0.706128049457,-0.707904307189
1489621358117041859,180,1489621358116965560,fcu,-4.03355026245,16.4277248383,2.00167512894,0.00183597184913,-0.0171755106336,-0.70591166997,-0.708089221244
1489621358349009288,181,1489621358348925994,fcu,-3.94550871849,16.4978485107,2.00177955627,0.00380702686133,-0.0103048273762,-0.705885334371,-0.708240927792
1489621358583138685,182,1489621358583051305,fcu,-3.873493433,16.5703125,2.00166344643,0.00562223427043,-0.00635416665357,-0.705938597896,-0.708222218692
1489621358816016847,183,1489621358815924941,fcu,-3.81775832176,16.6529693604,2.00222301483,0.0124178650205,-0.0103094316055,-0.705962557101,-0.708065237263
1489621359050129854,184,1489621359050017977,fcu,-3.77568221092,16.7537441254,2.0021648407,0.0200302002123,-0.0165222466885,-0.705896516823,-0.707838903975
1489621359316046089,185,1489621359315942160,fcu,-3.73649334908,16.8757972717,2.00186538696,0.0180581645081,-0.0276433470188,-0.705610605716,-0.707830079299
1489621359549780762,186,1489621359549699044,fcu,-3.68867444992,17.0164470673,2.00163459778,0.0106201246984,-0.0358863494956,-0.705220411832,-0.707999684751
1489621359782517902,187,1489621359782410643,fcu,-3.630828619,17.1722621918,2.00195097923,0.00772757322802,-0.036252854043,-0.70514567705,-0.708092924215
1489621360017032947,188,1489621360016927898,fcu,-3.56431555748,17.3365745544,2.00199723244,0.00348868535904,-0.0333892759886,-0.70518474645,-0.708228394445
1489621360249564382,189,1489621360249470061,fcu,-3.48669052124,17.5024795532,2.0017209053,-0.00253179901595,-0.0318030648948,-0.705234762445,-0.708255663512
1489621360516092366,190,1489621360516000088,fcu,-3.39937829971,17.6622047424,2.0018119812,-0.00638238719329,-0.0271426991842,-0.705464584597,-0.708196483255
1489621360749521228,191,1489621360749428780,fcu,-3.30492472649,17.8141117096,2.00144338608,-0.00773439489641,-0.0235842489367,-0.705730576756,-0.708045419002
1489621360982801289,192,1489621360982676113,fcu,-3.20471644402,17.957572937,2.00132846832,-0.00810655375744,-0.0217886528372,-0.705914155548,-0.707915774221
1489621361216974140,193,1489621361216830464,fcu,-3.101603508,18.0942878723,2.00179028511,-0.00858948235093,-0.0223807214192,-0.705945557797,-0.70786029238
1489621361449979141,194,1489621361449893347,fcu,-2.99825763702,18.2265548706,2.00193142891,-0.00668915815888,-0.0206668853541,-0.705935104796,-0.707943333064
1489621361716437646,195,1489621361716296299,fcu,-2.89577889442,18.3488864899,2.00204062462,-0.00886310259088,-0.0159468422074,-0.705871959192,-0.70810445618
1489621361949939462,196,1489621361949791620,fcu,-2.80744624138,18.4560279846,2.00211334229,-0.00270385031963,-0.00295325986832,-0.705998438864,-0.708202069872
1489621362183080469,197,1489621362182982762,fcu,-2.74087023735,18.545797348,2.00179576874,0.00168986148102,0.00871571422136,-0.706035612629,-0.708120677846
1489621362416745814,198,1489621362416661827,fcu,-2.68775463104,18.6184082031,2.00142025948,-0.00587527569641,0.00621673718414,-0.706124442785,-0.708036089911
1489621362649301248,199,1489621362649220822,fcu,-2.62790799141,18.6749229431,2.00129032135,-0.0178495801878,-0.00496451898275,-0.706142257283,-0.707827562699
1489621362915871653,200,1489621362915785821,fcu,-2.54505157471,18.7187423706,2.00065612793,-0.0275022987845,-0.019103558309,-0.705997901007,-0.707421827056
1489621363149917107,201,1489621363149843794,fcu,-2.44069957733,18.7610492706,2.00094819069,-0.0240607493148,-0.0260891918588,-0.705923256703,-0.707398607616
1489621363382692525,202,1489621363382603137,fcu,-2.32317137718,18.8106517792,2.0015847683,-0.012667036111,-0.0266352441164,-0.705875666501,-0.70772145185
1489621363617121519,203,1489621363617035829,fcu,-2.19944572449,18.8707351685,2.00179791451,-0.00922915479354,-0.0270002201136,-0.705542075017,-0.70809334921
1489621363849355234,204,1489621363849277731,fcu,-2.07316327095,18.9383182526,2.0020802021,-0.00945182603666,-0.0227681660078,-0.705440023598,-0.708340770185
1489621364116331712,205,1489621364116246953,fcu,-1.94388568401,19.0105648041,2.00235366821,-0.00972361840504,-0.0241520084808,-0.705508283779,-0.708223265115
1489621364349644480,206,1489621364349528233,fcu,-1.8101490736,19.0888442993,2.0025639534,-0.00873094494244,-0.0266449725312,-0.705597915975,-0.708057481431
1489621364583077328,207,1489621364582992674,fcu,-1.67435395718,19.1703147888,2.00268769264,-0.0105662729536,-0.0241136746222,-0.705678161302,-0.70804323119
1489621364816411936,208,1489621364816301527,fcu,-1.54437315464,19.2519645691,2.00265479088,-0.00785413920574,-0.0173240194949,-0.705911374927,-0.708044717228
1489621365049729791,209,1489621365049634562,fcu,-1.42027616501,19.3380241394,2.00268054008,-0.00390518559897,-0.017958024475,-0.706029992529,-0.707943435969
1489621365315733654,210,1489621365315655783,fcu,-1.29052221775,19.4279460907,2.00247430801,-0.00977883016529,-0.0269779855733,-0.705757915649,-0.707871688425
1489621365550158934,211,1489621365550085276,fcu,-1.15162408352,19.5219688416,2.00269317627,-0.0132424047414,-0.0313974489072,-0.705506876667,-0.707883384389
1489621365782886111,212,1489621365782779457,fcu,-1.00716078281,19.624786377,2.00287699699,-0.00619408564324,-0.0319473540794,-0.705531297911,-0.707931202546
1489621366015985218,213,1489621366015895241,fcu,-0.86315125227,19.7372760773,2.00306987762,-0.00314107293544,-0.0301415070386,-0.705458054659,-0.70810349267
1489621366283078868,214,1489621366282993010,fcu,-0.720109939575,19.8588199615,2.00300359726,-0.00349897077706,-0.0306044585396,-0.705353678209,-0.708185931064
1489621366515905451,215,1489621366515818036,fcu,-0.57626670599,19.9897460938,2.0026140213,-0.00205686364058,-0.034078317712,-0.705265607489,-0.708120653891
1489621366749246910,216,1489621366749162489,fcu,-0.438001841307,20.1321029663,2.00244426727,0.00379408802647,-0.0321024621958,-0.705395508935,-0.708076417339
1489621366983386319,217,1489621366983289501,fcu,-0.312158942223,20.282623291,2.00264883041,0.00849399008315,-0.024895733749,-0.705614724358,-0.708107276719
1489621367216377937,218,1489621367216286210,fcu,-0.19980725646,20.4367237091,2.00264763832,0.00820970728786,-0.0196058263086,-0.705765529435,-0.708126563364
1489621367482986484,219,1489621367482895138,fcu,-0.0991257056594,20.5871658325,2.00228476524,0.00319565245395,-0.0176869922943,-0.705858185492,-0.708125116123
1489621367716071821,220,1489621367715959948,fcu,-0.0100075565278,20.7315139771,2.00201058388,0.00344773042788,-0.0132913564496,-0.706005545317,-0.708073176289
1489621367949746843,221,1489621367949672896,fcu,0.0622141547501,20.8684158325,2.00191569328,0.00889083628575,-0.00729958798724,-0.706126279991,-0.707992475773
1489621368183171590,222,1489621368183093722,fcu,0.118819639087,20.9934806824,2.00200438499,0.0054829316001,-0.00257620132916,-0.706157506925,-0.708028866687
1489621368417070140,223,1489621368416895523,fcu,0.168807730079,21.105298996,2.00190901756,-0.00316770431304,-0.00545142128625,-0.706090271485,-0.708093762273
1489621368682925820,224,1489621368682849941,fcu,0.225936815143,21.2014141083,2.00178623199,-0.0149577240224,-0.010577675699,-0.705952318725,-0.708022388739
1489621368915831668,225,1489621368915675842,fcu,0.297184348106,21.2844200134,2.00187397003,-0.0181775757926,-0.0161295465011,-0.70591159538,-0.707882923213
1489621369149826660,226,1489621369149740473,fcu,0.377294868231,21.3598499298,2.00183367729,-0.0140320329923,-0.0160684356744,-0.705961268882,-0.707929088443
1489621369382669866,227,1489621369382573831,fcu,0.458891451359,21.4305553436,2.00212836266,-0.00788203918948,-0.0120448468759,-0.706012813764,-0.70805275363
1489621369616785986,228,1489621369616699039,fcu,0.533943355083,21.4991226196,2.00202465057,-0.00470262928787,-0.00857357075418,-0.705997675345,-0.708146638466
1489621369883107251,229,1489621369883018314,fcu,0.599724113941,21.5696392059,2.00183558464,0.00106362818377,-0.00892406333281,-0.706022573895,-0.708132300449
1489621370116079748,230,1489621370115985071,fcu,0.657345354557,21.6414470673,2.00156784058,0.00221367819333,-0.00802543186336,-0.706052059897,-0.708110994681
1489621370350607955,231,1489621370350476647,fcu,0.710416793823,21.7172355652,2.00178480148,0.00364289851923,-0.0112648160474,-0.706044348378,-0.708068648744
1489621370583424152,232,1489621370583328843,fcu,0.759850919247,21.7996463776,2.00153303146,0.00519883816062,-0.0155749582829,-0.70600113857,-0.708020328165
1489621370816525806,233,1489621370816377275,fcu,0.805351018906,21.8946685791,2.00133895874,0.00819015798032,-0.0191853479591,-0.705921908646,-0.707982416893
1489621371082819147,234,1489621371082741530,fcu,0.853578269482,22.0035896301,2.00117468834,0.00659905960169,-0.0252229699839,-0.705706128496,-0.708024797871
1489621371316667480,235,1489621371316569846,fcu,0.912514150143,22.1243095398,2.00124335289,0.00179255334969,-0.0308824885022,-0.705413825958,-0.708120323676
1489621371549507554,236,1489621371549378314,fcu,0.985054731369,22.2504062653,2.00125908852,-0.00522807038635,-0.0300089234105,-0.705302264552,-0.70825196605
1489621371783246059,237,1489621371783146899,fcu,1.0646365881,22.3784942627,2.00185918808,-0.00231383561262,-0.0258155308298,-0.705578994479,-0.708157106215
1489621372016201959,238,1489621372016102644,fcu,1.1496078968,22.5089054108,2.00210642815,-0.00405381206554,-0.0251537501575,-0.705683746798,-0.708068714862
1489621372283174654,239,1489621372283054892,fcu,1.2436248064,22.6384887695,2.0022892952,-0.00865271660788,-0.0268835893848,-0.705659719644,-0.707987827006
1489621372516540995,240,1489621372516425897,fcu,1.3529727459,22.7657775879,2.00181937218,-0.0123738087481,-0.0303410667641,-0.705567047218,-0.70788519578
1489621372749714761,241,1489621372749615153,fcu,1.4783257246,22.8907985687,2.00154042244,-0.0149563684169,-0.0317072631755,-0.705463133858,-0.707879031525
1489621372983266964,242,1489621372983159571,fcu,1.6158387661,23.0148010254,2.00138068199,-0.0135618587487,-0.0315571905445,-0.705490244799,-0.707886808894
1489621373216359582,243,1489621373216283667,fcu,1.75859749317,23.1412391663,2.00172519684,-0.00936128854057,-0.0301773594026,-0.705563631353,-0.707941844623
1489621373483406431,244,1489621373483323931,fcu,1.89952659607,23.2708072662,2.00213813782,-0.00540881146705,-0.0272004400354,-0.705619837352,-0.708047686216
1489621373716014149,245,1489621373715912427,fcu,2.03503918648,23.3983974457,2.00236105919,-0.00429849289706,-0.0221104969743,-0.705679016198,-0.70817354863
1489621373949837821,246,1489621373949756359,fcu,2.16315102577,23.5215072632,2.00230407715,-0.00406659775053,-0.0159377433989,-0.705814668339,-0.708205552842
1489621374183755548,247,1489621374183649314,fcu,2.28380036354,23.636051178,2.00218439102,-0.00597711041002,-0.0135416359152,-0.705932569408,-0.708124357509
1489621374416663717,248,1489621374416570386,fcu,2.39349460602,23.7428245544,2.00223040581,-0.00626687298926,-0.0109426291747,-0.706066290511,-0.708033458654
1489621374683517830,249,1489621374683431257,fcu,2.49033308029,23.8428077698,2.00208711624,-0.00291137821102,-0.00875197239596,-0.706180812289,-0.707971459319
1489621374915871719,250,1489621374915779417,fcu,2.57424712181,23.9364547729,2.00172162056,0.000670637946958,-0.00573234050748,-0.706192381494,-0.707996476571
1489621375149888630,251,1489621375149812974,fcu,2.6476995945,24.0307884216,2.00164628029,0.00356354985154,-0.0102633502533,-0.706082736194,-0.708045997378
1489621375383366325,252,1489621375383285094,fcu,2.72063183784,24.1315116882,2.00154590607,0.00263529606826,-0.0209722662637,-0.705813500477,-0.70808228463
1489621375616791857,253,1489621375616710340,fcu,2.80226612091,24.2426986694,2.00158834457,-0.00136615494697,-0.0297095518351,-0.70546295693,-0.708122512388
1489621375882950918,254,1489621375882842525,fcu,2.89740872383,24.3613128662,2.0018684864,-0.00736265419054,-0.0338933859121,-0.705177062958,-0.708182419715
1489621376116949344,255,1489621376116856867,fcu,3.00636506081,24.4844017029,2.00201845169,-0.00993081371089,-0.0328821560765,-0.705202203182,-0.708173704241
1489621376349996171,256,1489621376349845358,fcu,3.12208819389,24.6115627289,2.0023458004,-0.00576498583881,-0.0299375750087,-0.705487957625,-0.708065850177
1489621376583654029,257,1489621376583572460,fcu,3.23888802528,24.738445282,2.00245141983,-0.00453946364547,-0.0240186865097,-0.705702309369,-0.708086680089
1489621376816169106,258,1489621376816084594,fcu,3.35296344757,24.8585338593,2.00233268738,-0.00917410628678,-0.0179631216591,-0.705823481666,-0.70810054001
1489621377083320870,259,1489621377083212327,fcu,3.46491384506,24.9644870758,2.00186610222,-0.014159190172,-0.0116416657247,-0.705952213103,-0.708022218414
1489621377316380492,260,1489621377316249852,fcu,3.58128476143,25.0520687103,2.00158834457,-0.0209515220727,-0.0110960274485,-0.706062126131,-0.707752913057
1489621377550001342,261,1489621377549921538,fcu,3.70639944077,25.1298446655,2.0016348362,-0.0205091479836,-0.0195803256306,-0.70616583532,-0.707478479337
1489621377783076953,262,1489621377782991192,fcu,3.84158039093,25.2049980164,2.00204086304,-0.017053216748,-0.0251248476294,-0.706012392315,-0.707548183326
1489621378016952237,263,1489621378016857853,fcu,3.98436713219,25.2808876038,2.00220155716,-0.0176311911328,-0.025291498416,-0.705686472647,-0.707853151105
1489621378283236890,264,1489621378283137752,fcu,4.12991952896,25.3604373932,2.00194764137,-0.0133633061991,-0.0244785080567,-0.705607682779,-0.708053686307
1489621378515614810,265,1489621378515534160,fcu,4.26679134369,25.4508781433,2.00195169449,0.00120965370355,-0.0226491549409,-0.705763321815,-0.708084519036
1489621378749704422,266,1489621378749591616,fcu,4.38756322861,25.553850174,2.00188112259,0.0101065204323,-0.0187118909461,-0.705789970851,-0.708101857382
1489621378984256697,267,1489621378984161829,fcu,4.49431324005,25.6632328033,2.00232815742,0.00731881618569,-0.0164605428714,-0.70578040638,-0.708201598013
1489621379216579108,268,1489621379216473413,fcu,4.59349012375,25.7737998962,2.00257277489,-0.000543945767763,-0.0172515879865,-0.705769999282,-0.70823074979
1489621379482430366,269,1489621379482290478,fcu,4.69065141678,25.8847770691,2.00237989426,-0.00382714069485,-0.0197892930935,-0.705810618414,-0.70811376756
1489621379716452803,270,1489621379716355322,fcu,4.78950166702,25.9981651306,2.0015873909,-0.00391346587928,-0.0229737413134,-0.705846401844,-0.707981460914
1489621379951122585,271,1489621379951017772,fcu,4.88913488388,26.116601944,2.00113034248,-9.71803960184e-05,-0.0251450825667,-0.705850283456,-0.707914608356
1489621380183285392,272,1489621380183154473,fcu,4.98725700378,26.2362613678,2.00129747391,-0.000609903019398,-0.0219943214062,-0.70583332142,-0.708036157422
1489621380416084645,273,1489621380415973169,fcu,5.08252763748,26.3527183533,2.00176358223,-0.00471321073889,-0.0180971020564,-0.705819319437,-0.708145019648
1489621380683503274,274,1489621380683407586,fcu,5.17486715317,26.4606227875,2.00232505798,-0.00787926534456,-0.0132877880948,-0.705903574237,-0.70813946066
1489621380917459120,275,1489621380917362397,fcu,5.26467752457,26.557384491,2.00241923332,-0.00831335409817,-0.0111658156488,-0.706044507985,-0.708030624655
1489621381149441045,276,1489621381149331701,fcu,5.35347270966,26.6449623108,2.00241541862,-0.00944100932056,-0.0122391281086,-0.706122576483,-0.707920884046
1489621381382837094,277,1489621381382760510,fcu,5.44245862961,26.7278385162,2.00208258629,-0.00822219158264,-0.0142270662273,-0.706136306185,-0.707885233099
1489621381617015188,278,1489621381616928908,fcu,5.53186321259,26.8114700317,2.00192022324,-0.00649815421546,-0.0172968295338,-0.706031077746,-0.707939765049
1489621381883713499,279,1489621381883616968,fcu,5.63049888611,26.8947620392,2.00195217133,-0.0116640040387,-0.0204332140606,-0.705788588214,-0.708031710815
1489621382115750688,280,1489621382115659700,fcu,5.75539064407,26.9737319946,2.00141358376,-0.0285905043383,-0.033063998905,-0.705180155119,-0.707679520592
1489621382349040725,281,1489621382348912512,fcu,5.91183853149,27.049243927,2.0011177063,-0.0339431949497,-0.038427676362,-0.705021034227,-0.70733055533
1489621382583940060,282,1489621382583842757,fcu,6.08957195282,27.1251888275,2.00152873993,-0.0268988129508,-0.0361420597905,-0.705384811623,-0.707391315261
1489621382850819400,283,1489621382850743241,fcu,6.2763838768,27.2053947449,2.00211167336,-0.0218305345548,-0.0315034283019,-0.705529522346,-0.707643310478
1489621383083255653,284,1489621383083175415,fcu,6.45977783203,27.2915725708,2.00259947777,-0.0125537143727,-0.026475103758,-0.705747849421,-0.707856939059
1489621383315700985,285,1489621383315609824,fcu,6.62605810165,27.38829422,2.00339651108,0.00258518851671,-0.0202069512453,-0.705933766724,-0.707984825347
1489621383549224836,286,1489621383549127796,fcu,6.76528406143,27.5001277924,2.00373840332,0.0163797282683,-0.0176179969863,-0.705866554951,-0.70793623815
1489621383784063643,287,1489621383783970781,fcu,6.88330793381,27.6264915466,2.00374913216,0.015842199597,-0.0211925582794,-0.705674167568,-0.708042279397
1489621384050851258,288,1489621384050753083,fcu,6.99081134796,27.7632236481,2.00359535217,0.00735759808233,-0.0242603113803,-0.705563939557,-0.708192650511
1489621384282856502,289,1489621384282759623,fcu,7.09188365936,27.9071483612,2.00368642807,0.00427156658927,-0.0274403225551,-0.705540162619,-0.708125597157
1489621384515819767,290,1489621384515712880,fcu,7.19142055511,28.0521812439,2.00409722328,0.000922226693685,-0.0246193763788,-0.705641722539,-0.708140378185
1489621384749160765,291,1489621384749038106,fcu,7.29144620895,28.1897144318,2.00429034233,-0.00498797652477,-0.020444859421,-0.705744481434,-0.708153835504
1489621384984580171,292,1489621384984477517,fcu,7.39487695694,28.3170967102,2.00403547287,-0.0111174268049,-0.0195517507005,-0.705824038612,-0.708030054717
1489621385250572016,293,1489621385250474313,fcu,7.5002655983,28.4380016327,2.00358104706,-0.00995881539236,-0.0190483673156,-0.705993421645,-0.70789213182
1489621385482991504,294,1489621385482884485,fcu,7.60419797897,28.5595092773,2.00341749191,-0.00355398672753,-0.0209781559398,-0.706061596063,-0.707830706255
1489621385716030987,295,1489621385715910987,fcu,7.70058059692,28.6833229065,2.00330162048,0.00328781768133,-0.0194973194749,-0.705998615724,-0.707937143668
1489621385950548880,296,1489621385950413958,fcu,7.78805065155,28.8043937683,2.00315690041,0.00232899882198,-0.0132935389362,-0.705928278353,-0.708154731262
1489621386183909140,297,1489621386183822047,fcu,7.87279987335,28.9165687561,2.00309872627,-0.00626740262605,-0.0140202347259,-0.705808730121,-0.708235969975
1489621386449374755,298,1489621386449296721,fcu,7.95967340469,29.0190734863,2.00286412239,-0.0119917783384,-0.0152906142153,-0.705804944419,-0.708139657696
1489621386684051356,299,1489621386683962115,fcu,8.04814147949,29.1141586304,2.00292778015,-0.0105150227449,-0.0148426087687,-0.705965122143,-0.708012978397
1489621386917034018,300,1489621386916915395,fcu,8.13591003418,29.1986846924,2.00272274017,-0.0105062852931,-0.0100439598765,-0.706066828243,-0.707996024632
1489621387150007747,301,1489621387149918494,fcu,8.220662117,29.2693119049,2.00188064575,-0.0119722713568,-0.00491643532761,-0.706140459453,-0.707953490637
1489621387383378123,302,1489621387383301885,fcu,8.29887962341,29.3349914551,2.00170063972,-0.0043842225745,-0.00627017968589,-0.706239296686,-0.707931860603
1489621387650368348,303,1489621387650287445,fcu,8.36682128906,29.4057216644,2.00159716606,0.00294867657768,-0.0100901727429,-0.706166803825,-0.707967470225
1489621387882570384,304,1489621387882470106,fcu,8.42883682251,29.4811382294,2.00144171715,0.000884891538387,-0.0126732059797,-0.706006450059,-0.708091448396
1489621388117109182,305,1489621388117035059,fcu,8.49481773376,29.5597629547,2.00149393082,-0.00346853747269,-0.0174743990073,-0.705856463662,-0.708130826425
1489621388350196755,306,1489621388350100287,fcu,8.57104873657,29.6441669464,2.00156021118,-0.0049504708875,-0.0247444101223,-0.705710877935,-0.708050396349
1489621388583541492,307,1489621388583439507,fcu,8.66216564178,29.7389259338,2.00161933899,-0.00497404617463,-0.0317128065479,-0.705520790665,-0.70796184269
1489621388849881852,308,1489621388849801822,fcu,8.76657295227,29.8497009277,2.0015771389,-0.00387055923176,-0.0375354997949,-0.705271984021,-0.70793187072
1489621389083669550,309,1489621389083577898,fcu,8.88221359253,29.9753704071,2.00174617767,-0.00474967212495,-0.0385054489594,-0.705048655657,-0.708096860727
1489621389316698452,310,1489621389316609078,fcu,9.00649166107,30.1110343933,2.00177025795,-0.00542897741169,-0.0354916440729,-0.705068020001,-0.708230157912
1489621389550166794,311,1489621389550061772,fcu,9.13650989532,30.2545452118,2.0018260479,-0.00408715517374,-0.0354514685977,-0.705159323879,-0.708150278178
1489621389783937003,312,1489621389783848166,fcu,9.26901912689,30.4032764435,2.00164604187,-0.00288552111465,-0.0327689259141,-0.705336274705,-0.708109180034
1489621390049707577,313,1489621390049597270,fcu,9.39845657349,30.5555458069,2.00166106224,-0.00179618479754,-0.0281593567414,-0.705581133438,-0.7080671497
1489621390283461695,314,1489621390283378925,fcu,9.52205085754,30.7094974518,2.00163888931,-0.00118714214775,-0.0242305242494,-0.705773836946,-0.708021725281
1489621390516707831,315,1489621390516625203,fcu,9.63982105255,30.8564586639,2.00229215622,-0.00265457915515,-0.0187267876661,-0.705931936323,-0.708027091228
1489621390749826654,316,1489621390749725699,fcu,9.75574016571,30.9910354614,2.00245642662,-0.00967906128778,-0.0168269986295,-0.705938187055,-0.70800737563
1489621390984486498,317,1489621390984396312,fcu,9.87087726593,31.1111888885,2.00207972527,-0.0128562445715,-0.0151905958641,-0.705992596957,-0.707939556611
1489621391250192637,318,1489621391250077866,fcu,9.9833278656,31.2231407166,2.00219011307,-0.0105632587307,-0.0151086264631,-0.706095169983,-0.707876936973
1489621391482818660,319,1489621391482699573,fcu,10.0931978226,31.3324222565,2.0024766922,-0.00699889659162,-0.0184035589512,-0.706059885509,-0.707878352925
1489621391716842910,320,1489621391716758354,fcu,10.1985635757,31.436126709,2.00232839584,-0.00507930636656,-0.0151426490316,-0.705985262877,-0.708046403443
1489621391950919734,321,1489621391950820818,fcu,10.2953615189,31.5331382751,2.00205659866,-0.00444374837352,-0.010933117131,-0.705958181746,-0.708155184742
1489621392182945099,322,1489621392182854644,fcu,10.3718605042,31.6227874756,2.00221610069,0.00236253269943,-0.000816783872988,-0.706040891769,-0.708166654434
1489621392450640986,323,1489621392450527346,fcu,10.4199428558,31.7096881866,2.00222659111,0.0128172310726,0.00595143542665,-0.706067264632,-0.708003754806
1489621392683324909,324,1489621392683244389,fcu,10.4450273514,31.7959499359,2.00230574608,0.0119830210589,0.00283396776721,-0.706129898004,-0.707975241783
1489621392916686393,325,1489621392916602767,fcu,10.4604358673,31.8818035126,2.00212550163,0.00852585938131,-0.00558963156903,-0.706115378051,-0.708023402594
1489621393150031926,326,1489621393149945779,fcu,10.4787282944,31.96717453,2.00183391571,0.00125661091231,-0.0120423079383,-0.706033967754,-0.70807445945
1489621393383534671,327,1489621393383441341,fcu,10.5068407059,32.0541877747,2.0014564991,-0.00285862917335,-0.0180905008775,-0.705933439595,-0.708041341222
1489621393649960240,328,1489621393649870926,fcu,10.5462827682,32.1508979797,2.00120306015,-0.00214193966667,-0.0258684373499,-0.705788122525,-0.707947287689
1489621393883105294,329,1489621393883011120,fcu,10.6010246277,32.2645988464,2.00112104416,0.000341160786782,-0.0344096099628,-0.705477019044,-0.707896911952
1489621394117190986,330,1489621394117096702,fcu,10.675526619,32.393245697,2.00133180618,-0.00251225033991,-0.0398397739536,-0.705030129626,-0.708052962235
1489621394350201623,331,1489621394350104434,fcu,10.7752590179,32.5317115784,2.00132083893,-0.010638281556,-0.0431475077661,-0.704586100164,-0.708225632828
1489621394584089560,332,1489621394584021041,fcu,10.8986215591,32.6748123169,2.00118613243,-0.0158232687071,-0.0432398337992,-0.704488892955,-0.708219839205
1489621394849287113,333,1489621394849198056,fcu,11.0392351151,32.8163299561,2.00140047073,-0.0195958385707,-0.0367258203324,-0.704815269033,-0.708168520742
1489621395083589337,334,1489621395083491366,fcu,11.1909809113,32.9497261047,2.00138711929,-0.0222960579538,-0.0289774281073,-0.705351334611,-0.707914323363
1489621395316509628,335,1489621395316422999,fcu,11.3488407135,33.0703735352,2.00152015686,-0.0210798593258,-0.0225202428331,-0.705949328804,-0.707590293429
1489621395550503614,336,1489621395550424815,fcu,11.5115394592,33.1815071106,2.00191712379,-0.0194527471313,-0.0227453166331,-0.706222642401,-0.707356925859
1489621395783346848,337,1489621395783240994,fcu,11.6783456802,33.2875671387,2.00236964226,-0.0171109337186,-0.0250993024408,-0.706195811465,-0.70736462792
1489621396049808584,338,1489621396049712759,fcu,11.8455142975,33.3962097168,2.00208568573,-0.0125343178689,-0.0284329550261,-0.705912355594,-0.707617272376
1489621396283696984,339,1489621396283621560,fcu,12.0083198547,33.5081634521,2.00188493729,-0.00846132444823,-0.0260383535232,-0.70564394083,-0.708037455863
1489621396516709793,340,1489621396516618483,fcu,12.167183876,33.6222801208,2.00196385384,-0.00646658517546,-0.0250351705037,-0.7054758457,-0.708262136958
1489621396750438109,341,1489621396750331010,fcu,12.3215475082,33.7363052368,2.00220584869,-0.00785805037454,-0.0245297106637,-0.70546028215,-0.708281253916
1489621396983668666,342,1489621396983581446,fcu,12.4681816101,33.850566864,2.00217151642,-0.00437586768779,-0.0212329688432,-0.705721152022,-0.708157940297
1489621397250320541,343,1489621397250241070,fcu,12.5958833694,33.9696960449,2.00227236748,0.00441592097105,-0.0163815428454,-0.70601338922,-0.707995225223
1489621397483272006,344,1489621397483194637,fcu,12.6998882294,34.0892715454,2.00269365311,0.00892051138913,-0.00980189287794,-0.706152579254,-0.707935648337
1489621397716692545,345,1489621397716615812,fcu,12.7877216339,34.205329895,2.00266981125,0.00560122222668,-0.00871624859019,-0.706136309938,-0.708000116601
1489621397950064401,346,1489621397949964738,fcu,12.8711652756,34.3165092468,2.00289487839,-0.00273524699971,-0.0147671399041,-0.705974233055,-0.708078267047
1489621398183828931,347,1489621398183737495,fcu,12.9599571228,34.4193458557,2.0026102066,-0.0104023428531,-0.0180349974582,-0.705820744319,-0.708084463196
1489621398449690777,348,1489621398449607307,fcu,13.0575237274,34.5137214661,2.00231933594,-0.0173361113367,-0.0184440594758,-0.705766969026,-0.707991709941
1489621398683658673,349,1489621398683554943,fcu,13.1679077148,34.6005516052,2.00227284431,-0.0196404713255,-0.0220886261753,-0.705819331489,-0.707774975382
1489621398916761081,350,1489621398916669996,fcu,13.2908449173,34.6813659668,2.00225019455,-0.0190966477025,-0.0221284123493,-0.705881023397,-0.7077270888
1489621399150178246,351,1489621399150083725,fcu,13.4241962433,34.7607192993,2.0022444725,-0.0169808793249,-0.0256373047865,-0.705861426532,-0.707682149609
1489621399416431698,352,1489621399416328705,fcu,13.5632200241,34.8405990601,2.00218224525,-0.0143434180859,-0.024041128878,-0.705790681879,-0.707867080639
1489621399650259081,353,1489621399650177163,fcu,13.7007017136,34.926651001,2.00222730637,-0.0081044254943,-0.0241710869184,-0.705787094632,-0.707965150198
1489621399883264193,354,1489621399883167513,fcu,13.8370742798,35.0175971985,2.00216031075,-0.00804735620332,-0.0242892428727,-0.705651181107,-0.708097227322
1489621400117355913,355,1489621400117278326,fcu,13.9756917953,35.1026077271,2.0022175312,-0.0151530584868,-0.0199809670176,-0.705579715338,-0.70818670637
1489621400350103932,356,1489621400350003850,fcu,14.1130504608,35.1759223938,2.00256443024,-0.0180954854814,-0.0125149896271,-0.705801699732,-0.708067715049
1489621400616954392,357,1489621400616820419,fcu,14.2392292023,35.2383728027,2.00255846977,-0.0121093920113,-0.00593998619039,-0.706179522504,-0.707904344658
1489621400850407850,358,1489621400850323618,fcu,14.3386716843,35.2894744873,2.00283098221,-0.00349392257748,0.00703297164528,-0.706307855554,-0.707861245583
1489621401083753172,359,1489621401083641330,fcu,14.4007406235,35.3250045776,2.00324630737,0.00261798314116,0.0203977971193,-0.706101215627,-0.70781222745
1489621401317281633,360,1489621401317196108,fcu,14.4225673676,35.3431625366,2.00330114365,0.00954077963711,0.0294362494233,-0.705696912402,-0.707837798207
1489621401550210109,361,1489621401550112461,fcu,14.4054727554,35.3455848694,2.00324845314,0.0124085592469,0.0317988239427,-0.705465315775,-0.707921994779
1489621401816233745,362,1489621401816139005,fcu,14.3542699814,35.3303260803,2.00311374664,0.0107899095579,0.0364432871956,-0.70530453793,-0.70788485889
1489621402050255599,363,1489621402050168951,fcu,14.2708215714,35.2927322388,2.00274300575,0.00598124778119,0.0436587248746,-0.705045614966,-0.707791509722
1489621402283317411,364,1489621402283200667,fcu,14.1555938721,35.2312316895,2.00220942497,0.00534314195895,0.0482380739231,-0.704556999457,-0.707985856903
1489621402516923248,365,1489621402516834633,fcu,14.0104227066,35.1524047852,2.00193405151,0.0116968946658,0.0486516899658,-0.704104425175,-0.708331246076
1489621402749847380,366,1489621402749728690,fcu,13.8332204819,35.0669212341,2.00205755234,0.0219866955517,0.0477118766518,-0.703897781786,-0.708355895607
1489621403016758943,367,1489621403016659620,fcu,13.6341609955,34.9874572754,2.00226902962,0.0268948805968,0.0380379170156,-0.704478147527,-0.708195115716
1489621403250187774,368,1489621403250068312,fcu,13.4299631119,34.9240875244,2.00230169296,0.0236481791444,0.0197879973718,-0.70557972906,-0.707959352451
1489621403483384630,369,1489621403483286701,fcu,13.2401065826,34.8875579834,2.00244140625,0.019383696436,-0.00280190468372,-0.706319114186,-0.707622590494
1489621403717134739,370,1489621403717048482,fcu,13.0845165253,34.8823127747,2.00185966492,0.010914610731,-0.0236471969683,-0.706371857879,-0.707361632932
1489621403950285790,371,1489621403950188399,fcu,12.9768028259,34.9083824158,2.0012357235,0.000119194252568,-0.0374194694701,-0.705802201595,-0.707419975207
1489621404216843429,372,1489621404216729456,fcu,12.9251480103,34.9648361206,2.00062465668,-0.00801303688999,-0.0508573969844,-0.704809939671,-0.707525452088
1489621404450187594,373,1489621404450092818,fcu,12.9303760529,35.0546340942,2.00006079674,-0.0139400417791,-0.0603323251438,-0.703769389334,-0.707724757526
1489621404683445436,374,1489621404683351056,fcu,12.9871091843,35.1795654297,1.99938058853,-0.0140814183854,-0.0684580281796,-0.703038949068,-0.707708589836
1489621404916728948,375,1489621404916653689,fcu,13.0858507156,35.3404312134,1.99874722958,-0.00701908412576,-0.0700808400633,-0.702895002434,-0.707798010641
1489621405150496776,376,1489621405150377688,fcu,13.2150096893,35.5312004089,1.99859321117,-0.00341903221959,-0.0662553233814,-0.702929305856,-0.708158833392
1489621405416375658,377,1489621405416281228,fcu,13.3703193665,35.7404251099,1.99873876572,-0.00991589857559,-0.0609178269616,-0.702990827453,-0.708515765408
1489621405650731725,378,1489621405650632619,fcu,13.5547323227,35.9546699524,1.99876499176,-0.0231460349623,-0.0589293169449,-0.703073907193,-0.708292790937
1489621405883006990,379,1489621405882910132,fcu,13.7688837051,36.1603965759,1.99912452698,-0.0343502491113,-0.0540095814309,-0.703677082279,-0.707630969768
1489621406117884088,380,1489621406117805081,fcu,14.0118484497,36.3477897644,2.00016474724,-0.04092124672,-0.0475835578749,-0.704582674994,-0.706841220279
1489621406350069580,381,1489621406349972895,fcu,14.2732877731,36.5130004883,2.0013589859,-0.0405328419592,-0.0388826299746,-0.705566776136,-0.706414010494
1489621406617083667,382,1489621406616884461,fcu,14.538523674,36.656879425,2.00237083435,-0.0342433737493,-0.0278199245259,-0.706298684435,-0.706537763689
1489621406849952991,383,1489621406849854010,fcu,14.7968931198,36.782951355,2.00317811966,-0.02872718302,-0.02032001555,-0.706465580376,-0.706872145206
1489621407083986976,384,1489621407083898840,fcu,15.0397882462,36.8884925842,2.00342655182,-0.0252741175412,-0.0132339872262,-0.706268928406,-0.70736856117
1489621407317009145,385,1489621407316910210,fcu,15.2595281601,36.9691696167,2.00348472595,-0.0204234279335,-0.00138111940583,-0.70607110637,-0.707845017536
1489621407550498630,386,1489621407550394664,fcu,15.4443387985,37.024017334,2.00379943848,-0.0138357478726,0.0114259132001,-0.705895793482,-0.708088376781
1489621407816745805,387,1489621407816661670,fcu,15.5833396912,37.0513458252,2.00404620171,-0.00537956817332,0.0264335708182,-0.7055825641,-0.708114095198
1489621408050173630,388,1489621408050080140,fcu,15.663271904,37.0537261963,2.00433254242,0.00686411995596,0.0401729005239,-0.705001319491,-0.708034011497
1489621408283728668,389,1489621408283616930,fcu,15.6746444702,37.0324020386,2.00400042534,0.0169856212706,0.0536418930794,-0.704222767253,-0.707745950225
1489621408516840744,390,1489621408516720591,fcu,15.6140480042,36.9838562012,2.00332522392,0.0235742645785,0.0669087046673,-0.703247352074,-0.707397088692
1489621408749981927,391,1489621408749896523,fcu,15.4841814041,36.9094810486,2.00304079056,0.0298495633865,0.0732232491649,-0.702320644933,-0.707455349155
1489621409016769432,392,1489621409016666685,fcu,15.2949018478,36.8139572144,2.00318551064,0.0312203375453,0.0728549731832,-0.702128803398,-0.707624608705
1489621409250494007,393,1489621409250360115,fcu,15.0546731949,36.7063217163,2.00339198112,0.033763994392,0.0686739901826,-0.702250484392,-0.707805151808
1489621409483163283,394,1489621409483010163,fcu,14.7736034393,36.6026611328,2.00354504585,0.0416023922178,0.0579052546491,-0.702718211269,-0.70788652904
1489621409716065021,395,1489621409715979351,fcu,14.4664983749,36.5196342468,2.00406265259,0.0488292260872,0.0411188061507,-0.703893085302,-0.707431604414
1489621409950949780,396,1489621409950862078,fcu,14.1537895203,36.4654159546,2.0042078495,0.0464959621675,0.0206781449031,-0.705673984799,-0.706706988082
1489621410217571866,397,1489621410217497057,fcu,13.8578243256,36.4419822693,2.00382423401,0.035858992176,0.00195613678796,-0.706982448497,-0.706318712569
1489621410449677918,398,1489621410449588127,fcu,13.5969552994,36.449180603,2.00308704376,0.0203593125799,-0.015456597954,-0.707151798097,-0.706599551669
1489621410682366858,399,1489621410682282781,fcu,13.3883962631,36.4830131531,2.00171685219,0.00365169659653,-0.0303880822488,-0.706326723779,-0.707224001887
