%time,field.header.seq,field.header.stamp,field.header.frame_id,field.pose.position.x,field.pose.position.y,field.pose.position.z,field.pose.orientation.x,field.pose.orientation.y,field.pose.orientation.z,field.pose.orientation.w
1489621327292113848,52,1489621327291996965,fcu,-0.0394329465926,0.0524815842509,1.99067687988,-0.00399091353178,0.000108112880234,-0.707762275487,-0.706439397485
1489621327524310843,53,1489621327524224411,fcu,-0.0389565266669,0.0525067038834,1.99075186253,-0.00425778804059,-0.000108639945836,-0.70776560491,-0.706434503649
1489621327789026935,54,1489621327788920036,fcu,-0.0374138168991,0.0515611991286,1.99076318741,-0.00403303190976,-0.000209061503483,-0.707765150799,-0.706436254917
1489621328023743461,55,1489621328023644568,fcu,-0.0361079610884,0.0500483363867,1.99066364765,-0.00350811794508,-7.42269803309e-05,-0.707766686416,-0.70643754515
1489621328257991794,56,1489621328257885105,fcu,-0.0348405987024,0.0480814240873,1.99041891098,-0.00333356194717,-6.00536502359e-05,-0.70776390344,-0.706441179961
1489621328492886756,57,1489621328492804981,fcu,-0.0332480594516,0.0466854311526,1.99008345604,-0.00343140244938,-0.000136184113592,-0.707762326107,-0.706442281206
1489621328725004288,58,1489621328724919130,fcu,-0.0336599983275,0.0472851917148,1.99015951157,-0.00359386513999,-0.00010567359992,-0.707763006561,-0.70644079689
1489621328991665278,59,1489621328991547146,fcu,-0.0335844531655,0.0471321307123,1.99033343792,-0.00367967920926,4.042616551e-05,-0.70776419099,-0.706439175215
1489621329222898873,60,1489621329222794401,fcu,-0.0330781675875,0.046805113554,1.9906103611,-0.00379506446119,4.26660271651e-05,-0.707761590737,-0.706441169768
1489621329456266288,61,1489621329456180750,fcu,-0.0319139175117,0.0469320528209,1.99081993103,-0.00373038113987,1.70908557982e-05,-0.707767096854,-0.706435998924
1489621329690605389,62,1489621329690484029,fcu,-0.0284744203091,0.0479883514345,1.99088275433,-0.00352405791716,-0.00131874642385,-0.707764831443,-0.706438097285
1489621329958779000,63,1489621329958674318,fcu,-0.019413407892,0.0583657026291,1.99119520187,-0.00334113069643,-0.0104503869848,-0.707732530416,-0.70639528003
1489621330191378601,64,1489621330191275843,fcu,0.00166766962502,0.0823090821505,1.99060285091,-0.00115883918226,-0.0205379532375,-0.707586426565,-0.706327330995
1489621330423496725,65,1489621330423409167,fcu,0.0362632907927,0.127521559596,1.99010288715,0.00181091389228,-0.0288099150191,-0.707315529637,-0.706308325677
1489621330656188614,66,1489621330656107069,fcu,0.0847406312823,0.195631429553,1.99049317837,0.00382216509595,-0.0325971585303,-0.707024140596,-0.706427406691
1489621330891757798,67,1489621330891625084,fcu,0.146919026971,0.284691989422,1.9908438921,0.00325879237894,-0.0349750319745,-0.706781188865,-0.706559607165
1489621331158002187,68,1489621331157898738,fcu,0.222129955888,0.39216157794,1.99070668221,0.000338658702748,-0.0369748342114,-0.706649358548,-0.706597078262
1489621331390838613,69,1489621331390739838,fcu,0.316061645746,0.51300829649,1.99041736126,-0.0043916467977,-0.0409672883179,-0.70649103157,-0.706521632392
1489621331623168539,70,1489621331623060788,fcu,0.427126765251,0.643872857094,1.99044287205,-0.00522993682645,-0.0401311685421,-0.706591562644,-0.706463375323
1489621331857885345,71,1489621331857770181,fcu,0.553620278835,0.781327903271,1.99067008495,-0.00728125856748,-0.0379318564164,-0.706702316796,-0.706455938455
1489621332092520232,72,1489621332092442633,fcu,0.691045820713,0.92095965147,1.99117708206,-0.00924319661967,-0.0360681203285,-0.706813394435,-0.706419478398
1489621332358767578,73,1489621332358628087,fcu,0.837682783604,1.05670273304,1.99138438702,-0.0155837510541,-0.0300135727367,-0.70692241694,-0.706482150222
1489621332590462248,74,1489621332590367200,fcu,0.991998016834,1.17521882057,1.99176979065,-0.0221691431849,-0.0216356828147,-0.707182808588,-0.70635182562
1489621332822064696,75,1489621332821956931,fcu,1.14914107323,1.27292299271,1.99190664291,-0.0231043812634,-0.0148976557252,-0.707590505162,-0.706087759719
1489621333055613953,76,1489621333055517973,fcu,1.29795086384,1.35010254383,1.99198424816,-0.0171069637881,-0.00509909764953,-0.707936489639,-0.706050478104
1489621333291542079,77,1489621333291395665,fcu,1.4349360466,1.4123519659,1.99174034595,-0.0122452599758,-0.00282943314657,-0.70805754799,-0.706042885843
1489621333559273050,78,1489621333559183583,fcu,1.56141710281,1.46974658966,1.9912737608,-0.0109517878847,-0.00842565396696,-0.707955028324,-0.706122329747
1489621333792582047,79,1489621333792474692,fcu,1.68326461315,1.52449369431,1.99123728275,-0.00839590221146,-0.0126552641714,-0.707736586883,-0.706313157673
1489621334025098966,80,1489621334025000543,fcu,1.80485355854,1.58365011215,1.99154996872,-0.00663985845141,-0.0198520924892,-0.707468899532,-0.706434400988
1489621334256452361,81,1489621334256349828,fcu,1.92619943619,1.65064811707,1.99186503887,-0.00342110256374,-0.0234839651709,-0.707272393492,-0.706542681543
1489621334488851809,82,1489621334488750379,fcu,2.04727697372,1.72301375866,1.99177658558,-0.00492579009652,-0.0214740584575,-0.707184469716,-0.706685734395
1489621334755449507,83,1489621334755358881,fcu,2.16603684425,1.8002781868,1.99144423008,-0.0073090104834,-0.0202108376584,-0.70725253682,-0.706634240303
1489621334991823403,84,1489621334991716631,fcu,2.28104734421,1.87988698483,1.9912225008,-0.00502470656649,-0.0182959495896,-0.707462267763,-0.706496390822
1489621335226516568,85,1489621335226433448,fcu,2.38600826263,1.96777963638,1.99121773243,0.00543942332854,-0.0173055407181,-0.707656381769,-0.7063238466
1489621335460095091,86,1489621335459998130,fcu,2.47234272957,2.0712518692,1.99079740047,0.0182556523649,-0.0173984058299,-0.707631913433,-0.706131079703
1489621335691356446,87,1489621335691233138,fcu,2.53989005089,2.1934440136,1.99065899849,0.0235465190207,-0.0181175790625,-0.707500156362,-0.706088410554
1489621335955792769,88,1489621335955696237,fcu,2.58735132217,2.33794116974,1.99100232124,0.0268934922507,-0.0198004835206,-0.707389086963,-0.706034957047
1489621336189643181,89,1489621336189543892,fcu,2.61331629753,2.49947524071,1.99100613594,0.030929240882,-0.0188008096889,-0.707416866113,-0.705869172831
1489621336423406876,90,1489621336423311640,fcu,2.61346912384,2.67426729202,1.99096095562,0.0353923500859,-0.0104676004979,-0.707672373607,-0.705576092657
1489621336658777421,91,1489621336658677963,fcu,2.58232617378,2.85937213898,1.99084568024,0.0419610517246,-0.00425038349934,-0.70775758149,-0.705195299348
1489621336893217617,92,1489621336893123467,fcu,2.5234246254,3.05044007301,1.99039494991,0.0403978893956,-0.000915991417578,-0.707883013447,-0.705172894236
1489621337158487214,93,1489621337158404078,fcu,2.4378657341,3.24147295952,1.99014520645,0.0363111007126,0.00372006828962,-0.707943682779,-0.70532503647
1489621337390981817,94,1489621337390888244,fcu,2.33381080627,3.4275829792,1.98997378349,0.0346562559773,0.00514095814266,-0.707786927709,-0.705556645094
1489621337622546927,95,1489621337622427336,fcu,2.22118282318,3.60624051094,1.99015104771,0.0270809366375,0.00250507270153,-0.707726115693,-0.705963237462
1489621337858187358,96,1489621337858081618,fcu,2.1081943512,3.77383685112,1.99056494236,0.0188799736248,0.000777428730435,-0.707681535425,-0.706278830646
1489621338091870021,97,1489621338091766591,fcu,1.99666893482,3.93304252625,1.99028897285,0.0176545359417,-0.000969807540134,-0.707604303416,-0.706387660298
1489621338359550563,98,1489621338359450684,fcu,1.89291894436,4.08998727798,1.98976707458,0.0155891772033,-0.00843383621156,-0.707555372874,-0.706435589617
1489621338591946171,99,1489621338591841740,fcu,1.80863785744,4.24634981155,1.98936510086,0.00962063077121,-0.0188154166892,-0.707459906836,-0.706437473368
1489621338823244392,100,1489621338823145616,fcu,1.7485229969,4.40046596527,1.98930799961,0.00191543958347,-0.0224987618612,-0.707412303601,-0.706440350999
1489621339055709932,101,1489621339055608292,fcu,1.71300733089,4.54844713211,1.98884999752,-0.00237306841152,-0.0218452447617,-0.707431370356,-0.706440379695
1489621339290067821,102,1489621339289963791,fcu,1.70031106472,4.68870830536,1.98858678341,-0.0055388686222,-0.0208478778952,-0.707455139469,-0.706428986212
1489621339558944450,103,1489621339558856153,fcu,1.70746529102,4.81970357895,1.98817205429,-0.0108129651283,-0.0185102890608,-0.707494235336,-0.706393909905
1489621339792820286,104,1489621339792705650,fcu,1.73334693909,4.94127178192,1.98790085316,-0.0125711877975,-0.0197450631385,-0.70753823932,-0.706287291135
1489621340025953132,105,1489621340025821694,fcu,1.77321064472,5.06087732315,1.9881478548,-0.00603293427938,-0.0228529250059,-0.707617404241,-0.706200365858
1489621340256974739,106,1489621340256886348,fcu,1.82071948051,5.18609714508,1.9887970686,0.00235164489697,-0.0249422231549,-0.707528032855,-0.706241062241
1489621340489165283,107,1489621340489076988,fcu,1.87435889244,5.31740283966,1.98938167095,0.00319805696827,-0.0259298556695,-0.707294158646,-0.706436400649
1489621340755706105,108,1489621340755636488,fcu,1.93002808094,5.45527553558,1.98982393742,0.00219452614637,-0.0230411215989,-0.707263010782,-0.70657152812
1489621340991601450,109,1489621340991494650,fcu,1.99187481403,5.59244346619,1.98996901512,-0.00104349939272,-0.021387977221,-0.707307230994,-0.706581875314
1489621341225968667,110,1489621341225863742,fcu,2.05677223206,5.72659730911,1.99025809765,-0.00233408378849,-0.0205091600724,-0.707441515098,-0.706470402155
1489621341459226284,111,1489621341459122195,fcu,2.1111073494,5.864985466,1.99044597149,0.0134621127665,-0.0151442976772,-0.707741980747,-0.706180366801
1489621341690544191,112,1489621341690443957,fcu,2.14955759048,6.01330327988,1.99068439007,0.0218217487812,-0.0155006692727,-0.707701721129,-0.706004117865
1489621341956184507,113,1489621341956082508,fcu,2.17122650146,6.17617082596,1.99074542522,0.0248577021589,-0.018026056526,-0.707578313393,-0.705967482499
1489621342190284189,114,1489621342190200190,fcu,2.18162369728,6.34634876251,1.99136209488,0.0223162524286,-0.0151192846163,-0.707637117167,-0.706061684641
1489621342425458986,115,1489621342425348539,fcu,2.19159221649,6.52196979523,1.99193906784,0.0148969369151,-0.0209114243615,-0.707458484741,-0.706288387254
1489621342658921409,116,1489621342658805751,fcu,2.20605015755,6.70285558701,1.99224686623,0.0128624456234,-0.0269654319063,-0.707258210988,-0.706323754354
1489621342891262805,117,1489621342891195632,fcu,2.22453975677,6.88234567642,1.99287939072,0.00909786980271,-0.0218600190449,-0.707346846759,-0.706469961649
1489621343156348032,118,1489621343156249657,fcu,2.24134707451,7.05293560028,1.99335944653,0.00417497070245,-0.0133186066241,-0.707535590905,-0.706539858706
1489621343390993917,119,1489621343390837147,fcu,2.25201821327,7.21102142334,1.9931422472,0.00595715753766,-0.00553434522333,-0.707742178165,-0.70642401753
1489621343625590494,120,1489621343625492201,fcu,2.24620366096,7.36328220367,1.99310731888,0.017455609946,-0.00225689237166,-0.707803234445,-0.706190335127
1489621343859397857,121,1489621343859296833,fcu,2.21601939201,7.51669836044,1.99301040173,0.0299038027454,0.00090903731012,-0.707746327862,-0.705832892143
1489621344091384355,122,1489621344091303174,fcu,2.16392922401,7.67001914978,1.99287629128,0.0304644845309,0.00278700247873,-0.707811656468,-0.705738483269
1489621344356511347,123,1489621344356435443,fcu,2.09825634956,7.82614612579,1.99292778969,0.0246284709969,-0.00371537406658,-0.707790672406,-0.705983001543
1489621344590190166,124,1489621344590091849,fcu,2.03137207031,7.9828248024,1.99281799793,0.020838117509,-0.00928475972334,-0.707711928338,-0.706132701823
1489621344825343012,125,1489621344825255878,fcu,1.964838624,8.14001369476,1.99253165722,0.0190197230065,-0.00982639254215,-0.707688664421,-0.706200004529
1489621345060131865,126,1489621345060035670,fcu,1.90284621716,8.30119609833,1.99208152294,0.0187832441548,-0.0143366335722,-0.70757625823,-0.706241806654
1489621345292957361,127,1489621345292842826,fcu,1.85240256786,8.46950912476,1.99145495892,0.0161836718137,-0.0247611313979,-0.707307767892,-0.706286554182
1489621345557135755,128,1489621345557034427,fcu,1.81581223011,8.64274692535,1.9912263155,0.00931385289221,-0.0252572908459,-0.707252244682,-0.706448571232
1489621345788911870,129,1489621345788806490,fcu,1.79750359058,8.81231689453,1.9912699461,0.00287239623847,-0.0234095200741,-0.707311020719,-0.706508926822
1489621346023220693,130,1489621346023115226,fcu,1.79991829395,8.9786529541,1.99088215828,-0.00164941460732,-0.0267246693694,-0.707290025805,-0.706416230614
1489621346258444663,131,1489621346258348145,fcu,1.82735908031,9.14051818848,1.99056589603,-0.00715161893548,-0.0298450541045,-0.707173622921,-0.706373551414
1489621346526531427,132,1489621346526445165,fcu,1.88258397579,9.29719924927,1.99055874348,-0.0143847767584,-0.0328437196409,-0.707025140801,-0.706278853254
1489621346759481682,133,1489621346759365210,fcu,1.95722484589,9.45372104645,1.99067354202,-0.0113541970543,-0.0340650729677,-0.707120234353,-0.706181015874
1489621346991340877,134,1489621346991242648,fcu,2.04427313805,9.61164665222,1.99126648903,-0.0034491175511,-0.0323485708641,-0.707237852365,-0.706226800492
1489621347222812358,135,1489621347222713765,fcu,2.13794994354,9.76975345612,1.99179553986,-0.00173442100742,-0.0279507417528,-0.707218191444,-0.706440498209
1489621347455547214,136,1489621347455451230,fcu,2.23941016197,9.92359638214,1.9916292429,-0.00688555967429,-0.0266812533947,-0.707122172403,-0.706554267612
1489621347723111708,137,1489621347723016938,fcu,2.35387992859,10.0686569214,1.99109733105,-0.0140142456522,-0.0279489945206,-0.707056902327,-0.706465138202
1489621347959380677,138,1489621347959229909,fcu,2.48307180405,10.2050104141,1.99086213112,-0.0214207402864,-0.0284884014002,-0.707074089672,-0.706240606724
1489621348193563345,139,1489621348193460819,fcu,2.62688183784,10.3307180405,1.99093079567,-0.0201984655368,-0.0289982000764,-0.707318544664,-0.706011050025
1489621348426184928,140,1489621348426091404,fcu,2.78022050858,10.4510850906,1.99101126194,-0.0159809662227,-0.0288873292477,-0.707458214367,-0.705983715005
1489621348657155513,141,1489621348657052833,fcu,2.93726325035,10.5692043304,1.99133443832,-0.0112070435925,-0.0261843316193,-0.707478186141,-0.706161029148
1489621348922612703,142,1489621348922502272,fcu,3.09133028984,10.6882009506,1.99202990532,-0.00565696685667,-0.025038155677,-0.707408393548,-0.706338767324
1489621349155857637,143,1489621349155718391,fcu,3.23830294609,10.8125095367,1.992816329,-0.00252180990442,-0.0262707743251,-0.707254671801,-0.706466075694
1489621349391609569,144,1489621349391533138,fcu,3.37804985046,10.9466342926,1.99362003803,0.00508315563129,-0.0287039433981,-0.707185791495,-0.706426571888
1489621349626541749,145,1489621349626426267,fcu,3.50329065323,11.0967178345,1.99382865429,0.0159819855953,-0.028401756117,-0.707173077281,-0.706289002573
1489621349860876275,146,1489621349860771678,fcu,3.60575652122,11.2614450455,1.99408638477,0.0232400049346,-0.0212937919379,-0.707340785595,-0.70616958985
1489621350125349409,147,1489621350125268298,fcu,3.68326711655,11.4353227615,1.99463260174,0.0247657062788,-0.0159895652309,-0.70751138855,-0.706086842157
1489621350356928890,148,1489621350356835133,fcu,3.73922896385,11.6133918762,1.99465382099,0.0202787510515,-0.0145702499065,-0.707623984993,-0.706147842831
1489621350589483015,149,1489621350589368653,fcu,3.78442287445,11.7854986191,1.99450087547,0.0108964744385,-0.0127050352761,-0.707697001017,-0.70631777811
1489621350824117405,150,1489621350823995298,fcu,3.8256072998,11.9506845474,1.99427628517,0.00654527315198,-0.0144219064462,-0.707673029105,-0.706362549893
1489621351058701286,151,1489621351058603271,fcu,3.87066054344,12.1162052155,1.99374961853,0.00705871370941,-0.0242858597791,-0.707459458342,-0.706301271681
1489621351327465084,152,1489621351327330548,fcu,3.92399263382,12.2824048996,1.99320602417,0.00403572624443,-0.028829723794,-0.707212640213,-0.706401331724
1489621351560036196,153,1489621351559923866,fcu,3.98862195015,12.4467668533,1.9927110672,-0.00546911236615,-0.0278135204808,-0.707035171347,-0.706610050428
1489621351791116352,154,1489621351791018453,fcu,4.07192754745,12.598900795,1.99272441864,-0.0150673973478,-0.0264321247859,-0.707003166928,-0.706555615836
1489621352023495066,155,1489621352023380084,fcu,4.177546978,12.737947464,1.99233567715,-0.0220773392251,-0.0298884999167,-0.707055397544,-0.706181232737
1489621352256569376,156,1489621352256487546,fcu,4.30116081238,12.8729524612,1.99219739437,-0.0162302007135,-0.0329454478139,-0.707377050432,-0.705881637794
1489621352524864275,157,1489621352524750356,fcu,4.43027591705,13.0151777267,1.99189686775,-0.00191056368776,-0.0338569714466,-0.707504102692,-0.705895176287
1489621352759495106,158,1489621352759392201,fcu,4.55532503128,13.1750078201,1.99177384377,0.0084175587452,-0.0334999434742,-0.707207367265,-0.706161906491
1489621352993416196,159,1489621352993262092,fcu,4.67773580551,13.3453731537,1.99140453339,0.00782412908441,-0.0346591264524,-0.706718682593,-0.706601890482
1489621353224618426,160,1489621353224497674,fcu,4.80377912521,13.5174560547,1.99139559269,-0.00162200246583,-0.0334999664588,-0.70647704146,-0.706940811699
1489621353457741945,161,1489621353457644821,fcu,4.9311375618,13.6845111847,1.99138224125,-0.00517042898769,-0.0276539055743,-0.706819410175,-0.706834386239
1489621353724332049,162,1489621353724232796,fcu,5.05498123169,13.8471279144,1.99151837826,-0.00115645900135,-0.0235669218002,-0.70736562419,-0.706453916766
1489621353959656750,163,1489621353959564112,fcu,5.17025375366,14.010389328,1.99158668518,0.00318446401038,-0.0228824251088,-0.707661584777,-0.706173728795
1489621354193093323,164,1489621354192934777,fcu,5.2757267952,14.1694192886,1.99160480499,0.0036950530996,-0.0175640682792,-0.7077675763,-0.70621732351
1489621354425589113,165,1489621354425503483,fcu,5.37588262558,14.3159103394,1.99165308475,-0.00224410092083,-0.0120361639812,-0.707729763364,-0.706377149132
1489621354657143022,166,1489621354657032422,fcu,5.48426246643,14.4431018829,1.99141597748,-0.0182026929976,-0.0172191237419,-0.70747951662,-0.706289527962
1489621354924844179,167,1489621354924708050,fcu,5.61595487595,14.5533790588,1.99105918407,-0.0296954379563,-0.0281789550623,-0.707185505872,-0.705841899961
1489621355159231868,168,1489621355159150752,fcu,5.76896572113,14.6521892548,1.99097418785,-0.0311115581604,-0.0303702575064,-0.707187009324,-0.705688495196
1489621355392826691,169,1489621355392727461,fcu,5.93533039093,14.7465419769,1.99135494232,-0.0218231545133,-0.0300548444686,-0.707446135485,-0.705790635839
1489621355624340676,170,1489621355624245005,fcu,6.10418605804,14.8463478088,1.99145007133,-0.0100294874186,-0.0294086054678,-0.707477964154,-0.70605203317
1489621355857202243,171,1489621355857067075,fcu,6.26613903046,14.9646902084,1.99087834358,0.00529403501607,-0.0328385550958,-0.707253497179,-0.706177097633
1489621356125108723,172,1489621356125017258,fcu,6.41403150558,15.1144723892,1.99066352844,0.0213733500733,-0.0384042463998,-0.706696111637,-0.70615076263
1489621356359749846,173,1489621356359673582,fcu,6.54529905319,15.2963275909,1.9906116724,0.0237005742418,-0.0400769839313,-0.706264922084,-0.706414876665
1489621356593766443,174,1489621356593643304,fcu,6.66976690292,15.4967298508,1.99091231823,0.0172078162487,-0.0396079386574,-0.706198822825,-0.706695355083
1489621356824526912,175,1489621356824437534,fcu,6.79792022705,15.7008094788,1.99159681797,0.00278744675315,-0.0372424935943,-0.706322691611,-0.706904153423
1489621357057661046,176,1489621357057543343,fcu,6.93090486526,15.8956413269,1.99174809456,-0.00696354331992,-0.0324976922104,-0.706750630956,-0.706681650186
1489621357325267211,177,1489621357325159179,fcu,7.06205654144,16.0783481598,1.99170947075,-0.0061264425188,-0.0242733721616,-0.707433386448,-0.706336516006
1489621357559346763,178,1489621357559239753,fcu,7.1850476265,16.2521820068,1.99187326431,-0.00268439329196,-0.02008099049,-0.707853835474,-0.706068336252
1489621357792118105,179,1489621357792032828,fcu,7.30129384995,16.4173030853,1.99193239212,-0.000902379456951,-0.0189982172992,-0.707894468359,-0.706062090129
1489621358024432633,180,1489621358024332252,fcu,7.41303110123,16.5738182068,1.99168539047,-0.00199593094914,-0.0194243171956,-0.707682447301,-0.706260763418
1489621358258757692,181,1489621358258655698,fcu,7.51967811584,16.7160758972,1.99146342278,-0.00534948876103,-0.0135238855727,-0.707541274161,-0.706522351273
1489621358526084194,182,1489621358525964918,fcu,7.62016868591,16.8426818848,1.99113416672,-0.0071273909523,-0.00799529596117,-0.707561453548,-0.706570636946
1489621358758577007,183,1489621358758450731,fcu,7.71078300476,16.9618797302,1.99076318741,-0.00419857731178,-0.0109955596023,-0.707675794892,-0.706439267696
1489621358991171447,184,1489621358991088872,fcu,7.79904317856,17.0772953033,1.99088966846,-0.0014536900174,-0.0157086499115,-0.707675256899,-0.706361703291
1489621359225945108,185,1489621359225804126,fcu,7.8950138092,17.1909294128,1.99120771885,-0.00805161941135,-0.0236844912266,-0.707436970442,-0.706333596223
1489621359459455964,186,1489621359459344680,fcu,8.00677776337,17.3061542511,1.99107646942,-0.0128680377148,-0.0323718395218,-0.707092131128,-0.706262837553
1489621359724152810,187,1489621359724041003,fcu,8.1343832016,17.4229755402,1.99114203453,-0.0131513080107,-0.0333953089099,-0.707002232149,-0.706299964729
1489621359957586934,188,1489621359957472751,fcu,8.26630973816,17.5437984467,1.99107587337,-0.00985136130148,-0.0286871632717,-0.707141305248,-0.706421383989
1489621360192274479,189,1489621360192189751,fcu,8.40343761444,17.6630802155,1.99088585377,-0.0108025535016,-0.0266033617983,-0.707202071812,-0.706428195646
1489621360426312183,190,1489621360426216585,fcu,8.54328632355,17.7778263092,1.99097716808,-0.0116222118243,-0.0237045222497,-0.707332866587,-0.706387454349
1489621360658509373,191,1489621360658410802,fcu,8.68137550354,17.8862762451,1.99096035957,-0.0101943113033,-0.0207609037453,-0.707519716757,-0.706315022701
1489621360924874067,192,1489621360924785849,fcu,8.81497955322,17.9906826019,1.99121844769,-0.00723527350145,-0.0185663501013,-0.707665552879,-0.706266526695
1489621361159134142,193,1489621361159061450,fcu,8.9419708252,18.0989627838,1.99230968952,-0.00506621715868,-0.0206885701928,-0.707635032438,-0.706257019345
1489621361392896637,194,1489621361392798384,fcu,9.06349277496,18.2094726562,1.99287986755,-0.000342659666279,-0.0210752867499,-0.707575521107,-0.706323294818
1489621361624994706,195,1489621361624911530,fcu,9.17838764191,18.3214588165,1.99327552319,-0.000327440556271,-0.0197761068575,-0.707485957828,-0.706450577079
1489621361857302818,196,1489621361857230376,fcu,9.28276538849,18.4358768463,1.99365127087,0.00364346627354,-0.0168597597981,-0.707547517252,-0.706455224684
1489621362124238313,197,1489621362124157047,fcu,9.37625980377,18.5567550659,1.99399936199,0.00912916445116,-0.0197238669969,-0.707516840202,-0.706362193395
1489621362360066758,198,1489621362359947403,fcu,9.46543312073,18.6866264343,1.99434995651,0.00453794099124,-0.023950556982,-0.707358720625,-0.70643429862
1489621362592907814,199,1489621362592829079,fcu,9.5638666153,18.8166790009,1.99428594112,-0.00616384698436,-0.0279536361676,-0.707141856555,-0.706492035286
1489621362825031049,200,1489621362824941512,fcu,9.68022918701,18.9436702728,1.99408745766,-0.0166707355508,-0.0317230245679,-0.706954626205,-0.706350403678
1489621363091668188,201,1489621363091547949,fcu,9.81312084198,19.0697231293,1.99342536926,-0.0160057731645,-0.0337778188287,-0.707094844283,-0.706130126371
1489621363326159445,202,1489621363325992643,fcu,9.95052337646,19.1995697021,1.99286019802,-0.00581386873709,-0.0305832932807,-0.707406501668,-0.706121025392
1489621363559493541,203,1489621363559417901,fcu,10.0822820663,19.3373298645,1.99264204502,-0.000321507375355,-0.0277115696969,-0.70738254881,-0.706287402675
1489621363790932314,204,1489621363790822950,fcu,10.2087163925,19.4718532562,1.99255824089,-0.00252699258707,-0.0210978603807,-0.707354774321,-0.706539254282
1489621364025631173,205,1489621364025496485,fcu,10.3304672241,19.599067688,1.99257087708,-0.00537950384557,-0.0178983167797,-0.707430831321,-0.706535441497
1489621364292836290,206,1489621364292737715,fcu,10.4499998093,19.7210788727,1.99231433868,-0.00648317858449,-0.0203202679939,-0.707501731222,-0.706389662595
1489621364526430915,207,1489621364526318614,fcu,10.5679864883,19.8357315063,1.99171149731,-0.0087271805162,-0.0196875931669,-0.707553378556,-0.706331686596
1489621364757934740,208,1489621364757826786,fcu,10.679898262,19.9432086945,1.99174308777,-0.0105340263298,-0.0138109853004,-0.707648950035,-0.706350659721
1489621364991736033,209,1489621364991614857,fcu,10.7866716385,20.0427341461,1.99184381962,-0.00713974297894,-0.0121068635117,-0.707765583544,-0.706307529817
1489621365225514301,210,1489621365225373929,fcu,10.8949947357,20.1362342834,1.99145901203,-0.00899890808622,-0.0156252578344,-0.707699360362,-0.706283573584
1489621365492821821,211,1489621365492737250,fcu,11.0091962814,20.2230892181,1.99097383022,-0.015549775689,-0.018871130724,-0.707543635373,-0.70624647889
1489621365724899779,212,1489621365724820141,fcu,11.1292238235,20.3079586029,1.99082410336,-0.0119566819159,-0.022030569405,-0.707591806941,-0.706176696386
1489621365958362612,213,1489621365958259871,fcu,11.2505989075,20.3973731995,1.99109852314,-0.00769336960652,-0.0235184985311,-0.707530911442,-0.706249036562
1489621366192368306,214,1489621366192238465,fcu,11.376947403,20.4907951355,1.99116051197,-0.00811065843467,-0.026350776341,-0.707336231345,-0.706339372846
1489621366426333685,215,1489621366426250032,fcu,11.5108966827,20.5926837921,1.99104654789,-0.00790743980061,-0.0322369428562,-0.707114605817,-0.706319464656
1489621366691511468,216,1489621366691385881,fcu,11.64939785,20.7061767578,1.99141144753,-0.0040982382534,-0.0338236692282,-0.707036551866,-0.706355773084
1489621366925037019,217,1489621366924949163,fcu,11.7832183838,20.8296260834,1.99159562588,0.00254575393196,-0.0285131817463,-0.707180552598,-0.706453242353
1489621367158653264,218,1489621367158568781,fcu,11.9051485062,20.961648941,1.99181723595,0.00471243048883,-0.0230079029469,-0.707325058119,-0.706498189352
1489621367393211782,219,1489621367393115537,fcu,12.0205059052,21.0948543549,1.99193704128,0.0013511815101,-0.0211451278999,-0.707401914139,-0.70649387099
1489621367625617088,220,1489621367625515176,fcu,12.1275377274,21.2262783051,1.991517663,0.000151204920643,-0.0187638249602,-0.707542381645,-0.706421739605
1489621367891248645,221,1489621367891145756,fcu,12.220952034,21.3550186157,1.99129700661,0.00562186652243,-0.0135211502808,-0.7077453473,-0.706315861698
1489621368125299175,222,1489621368125219642,fcu,12.2993373871,21.4780483246,1.99114525318,0.00590188718097,-0.0076729446827,-0.707835066777,-0.706311412826
1489621368359494685,223,1489621368359401296,fcu,12.3682727814,21.59400177,1.99127495289,-0.001097366547,-0.00896805983231,-0.707783121767,-0.706372014048
1489621368592156518,224,1489621368592052881,fcu,12.4423427582,21.6968860626,1.99100267887,-0.0117427106279,-0.0127599457008,-0.707642770792,-0.706357559228
1489621368825153595,225,1489621368825017112,fcu,12.528758049,21.7880687714,1.99071228504,-0.0183163771747,-0.0187185983525,-0.707542787665,-0.706185052254
1489621369092536289,226,1489621369092440762,fcu,12.6255121231,21.8727588654,1.990711689,-0.0149821341176,-0.020410781883,-0.70760913933,-0.706150296733
1489621369325271046,227,1489621369325177681,fcu,12.7241373062,21.9554309845,1.99087679386,-0.00852316028126,-0.0163800196409,-0.707698721504,-0.70627301398
1489621369559110237,228,1489621369559008658,fcu,12.8155374527,22.0377082825,1.99124193192,-0.00481814746244,-0.0124990058125,-0.707712704872,-0.706373334485
1489621369791831250,229,1489621369791734469,fcu,12.8985500336,22.1198043823,1.99157261848,0.000717098979314,-0.0112253926218,-0.707719415608,-0.706404066453
1489621370026382102,230,1489621370026294482,fcu,12.9716787338,22.203950882,1.99188876152,0.00326468041639,-0.0108987351756,-0.707687291674,-0.706434184222
1489621370291584761,231,1489621370291484726,fcu,13.0361633301,22.2921638489,1.99169826508,0.00511713664176,-0.0113754938516,-0.707669675482,-0.706433325556
1489621370526135001,232,1489621370526045427,fcu,13.0952043533,22.38671875,1.99130225182,0.00651875983077,-0.0161418538097,-0.70759305248,-0.706405703833
1489621370758227885,233,1489621370758080838,fcu,13.147362709,22.4943122864,1.99086368084,0.00969926395971,-0.0184146238095,-0.707554028991,-0.706352689502
1489621370993162051,234,1489621370993085851,fcu,13.2009019852,22.6137561798,1.99073064327,0.00850325809526,-0.02356270039,-0.707404069469,-0.706365327753
1489621371226102860,235,1489621371226005835,fcu,13.2613096237,22.743768692,1.99092435837,0.00529994608216,-0.0294972428619,-0.707194408107,-0.706383672219
1489621371491496746,236,1489621371491413642,fcu,13.3333482742,22.8796482086,1.99097931385,-0.00287540761548,-0.0313123902439,-0.707002121473,-0.706512042701
1489621371725617480,237,1489621371725516476,fcu,13.4136829376,23.017375946,1.99111282825,-0.00284130702095,-0.0268698353356,-0.707201946496,-0.70649511378
1489621371959383845,238,1489621371959273513,fcu,13.4967727661,23.1591129303,1.99083197117,-0.00219838489064,-0.0251197807479,-0.70736635051,-0.706397204046
1489621372192010874,239,1489621372191915021,fcu,13.5877933502,23.2968463898,1.99097895622,-0.00715738322411,-0.025484304661,-0.707371302511,-0.706346347386
1489621372425517553,240,1489621372425439779,fcu,13.6911449432,23.4302921295,1.99092495441,-0.0120105920888,-0.0280081953077,-0.707311909631,-0.706244397618
1489621372692207413,241,1489621372692096722,fcu,13.810295105,23.5603675842,1.99064946175,-0.0149906264582,-0.0312775986207,-0.70720238395,-0.706159883509
1489621372925007335,242,1489621372924890683,fcu,13.9432954788,23.688293457,1.99030911922,-0.0155352260964,-0.0315068538555,-0.707171013384,-0.706169337156
1489621373158914712,243,1489621373158813070,fcu,14.0830087662,23.819393158,1.99063372612,-0.0124620715543,-0.0312838474488,-0.707210589713,-0.706200537708
1489621373392907240,244,1489621373392831396,fcu,14.2252864838,23.9504318237,1.99089193344,-0.00767245657331,-0.0287632828302,-0.707277156713,-0.706309302334
1489621373625012857,245,1489621373624927347,fcu,14.365904808,24.0799713135,1.99136269093,-0.00656278828208,-0.0244202253474,-0.707316818942,-0.70644426535
1489621373891117289,246,1489621373891043814,fcu,14.4990634918,24.2035713196,1.99184584618,-0.00565821581431,-0.0176175314299,-0.70747498372,-0.70649611081
1489621374126490252,247,1489621374126395387,fcu,14.6246519089,24.3189315796,1.9919526577,-0.00680857103887,-0.0140476584254,-0.70761965061,-0.706421076075
1489621374359944995,248,1489621374359826008,fcu,14.7402114868,24.4272537231,1.99202215672,-0.00768576597712,-0.0117775746728,-0.707733520868,-0.706339494277
1489621374592626565,249,1489621374592521080,fcu,14.8462934494,24.5260887146,1.99182248116,-0.00590662516433,-0.0101319122701,-0.707822206127,-0.706293268159
1489621374824573655,250,1489621374824479412,fcu,14.939617157,24.6180992126,1.9914791584,-0.000941134280518,-0.00614228198061,-0.707858014825,-0.706327415217
1489621375092726587,251,1489621375092654140,fcu,15.0215387344,24.7069587708,1.99100375175,0.00147025165969,-0.00747632202504,-0.707794687756,-0.706377111006
1489621375326323966,252,1489621375326237591,fcu,15.099448204,24.8005123138,1.99081218243,0.00312705441269,-0.0169609989768,-0.707608292033,-0.706394401939
1489621375558879409,253,1489621375558802621,fcu,15.1804189682,24.9061203003,1.99094927311,-0.000316118730596,-0.0276882289136,-0.707277784937,-0.706393231128
1489621375791472057,254,1489621375791359788,fcu,15.2747306824,25.0194644928,1.99118626118,-0.00601838600378,-0.0330582169916,-0.706966477551,-0.706448393684
1489621376026278709,255,1489621376026190179,fcu,15.3837022781,25.137922287,1.99114489555,-0.0097437653652,-0.033644722486,-0.70685663699,-0.706489056128
1489621376292706836,256,1489621376292592298,fcu,15.5018777847,25.2608203888,1.99094760418,-0.00714519725196,-0.0319995130203,-0.70704804391,-0.706405011963
1489621376525088878,257,1489621376524990680,fcu,15.6210756302,25.3873233795,1.9908118248,-0.00303593013366,-0.0268448476364,-0.707294858997,-0.706402236491
1489621376759133041,258,1489621376759054203,fcu,15.7357234955,25.5128593445,1.99121141434,-0.00658536504199,-0.0207957690993,-0.707412938473,-0.706463801928
1489621376993116386,259,1489621376993036411,fcu,15.8486118317,25.6262836456,1.99163377285,-0.0107602411735,-0.0144694722056,-0.707565249053,-0.706417914493
1489621377225872278,260,1489621377225764739,fcu,15.9638538361,25.7223911285,1.99176394939,-0.0177764952942,-0.010800074616,-0.707680145733,-0.706226710015
1489621377492388175,261,1489621377492286131,fcu,16.0868911743,25.8071346283,1.99127757549,-0.0200481223206,-0.0172000673897,-0.707811607207,-0.705907188783
1489621377726259932,262,1489621377726170796,fcu,16.2200965881,25.8891029358,1.99042022228,-0.0165556307223,-0.024613749981,-0.707763790627,-0.705826105411
1489621377958260506,263,1489621377958152682,fcu,16.3593578339,25.9744815826,1.99052417278,-0.0161249834902,-0.0257923191371,-0.707496833233,-0.706061592318
1489621378192115644,264,1489621378192041025,fcu,16.5034141541,26.0589256287,1.99086487293,-0.014947043698,-0.0247506938093,-0.707332676629,-0.706289228018
1489621378426495414,265,1489621378426394087,fcu,16.6415157318,26.1448860168,1.99155068398,-0.00626393274277,-0.0183224260736,-0.707480938566,-0.706467107101
1489621378692945709,266,1489621378692791499,fcu,16.7626857758,26.2345275879,1.99207019806,0.00391290049215,-0.0125949985824,-0.70761339767,-0.706476704966
1489621378925021121,267,1489621378924943210,fcu,16.8658714294,26.3253135681,1.9921233654,0.00529390303654,-0.0103549592349,-0.707663541342,-0.706453863791
1489621379159085471,268,1489621379158995616,fcu,16.9568214417,26.4176940918,1.99223732948,-0.000439388955875,-0.012983904292,-0.707657098042,-0.706436590755
1489621379393249142,269,1489621379393145937,fcu,17.0472583771,26.510175705,1.9922798872,-0.00471885882853,-0.0178134311655,-0.707620959884,-0.706351889057
1489621379625513569,270,1489621379625428567,fcu,17.1412944794,26.60546875,1.99273693562,-0.00493069962241,-0.0227470183225,-0.707542389659,-0.706287496841
1489621379891688545,271,1489621379891589190,fcu,17.239938736,26.7101135254,1.99304807186,-0.000832653277886,-0.026936473296,-0.707443092025,-0.706256330691
1489621380126802800,272,1489621380126725215,fcu,17.3385906219,26.8235263824,1.99312269688,0.000881608597933,-0.0264777545975,-0.707316331235,-0.706400565434
1489621380358823360,273,1489621380358736387,fcu,17.4349308014,26.9433994293,1.99333846569,-0.00193057792703,-0.02348436883,-0.707250482427,-0.706570245904
1489621380592509847,274,1489621380592391749,fcu,17.5311527252,27.0587368011,1.99323737621,-0.00523603871006,-0.0184068267655,-0.707363138719,-0.706591227379
1489621380859061836,275,1489621380858971088,fcu,17.6268043518,27.1671867371,1.99263584614,-0.00652913103348,-0.0154701690604,-0.707561822159,-0.706451917784
1489621381092517487,276,1489621381092412317,fcu,17.7210578918,27.2685432434,1.99209058285,-0.006708978182,-0.0146125250465,-0.707721521461,-0.706308510344
1489621381325152047,277,1489621381325040866,fcu,17.8153419495,27.3666000366,1.99201130867,-0.00726127924933,-0.0162026811695,-0.707773337691,-0.706216432406
1489621381559173721,278,1489621381559069775,fcu,17.9051780701,27.4678783417,1.99185824394,-0.00415341703815,-0.0182246283427,-0.707760738378,-0.70620489184
1489621381792772354,279,1489621381792672518,fcu,17.9999656677,27.5680885315,1.9914431572,-0.00741105563925,-0.0206774930395,-0.707558301337,-0.706313505283
1489621382059134154,280,1489621382059032609,fcu,18.1145305634,27.6629314423,1.99087846279,-0.0212666052384,-0.0293964430051,-0.707077319936,-0.706204817509
1489621382292078113,281,1489621382291975770,fcu,18.2604866028,27.7527103424,1.99073135853,-0.0329651188104,-0.0386061102072,-0.70662135756,-0.705768465035
1489621382525767260,282,1489621382525683276,fcu,18.4320602417,27.8399963379,1.99098348618,-0.0291160143902,-0.0382911130164,-0.706889497837,-0.705686393675
1489621382758863367,283,1489621382758762232,fcu,18.6152801514,27.9310874939,1.99134254456,-0.0233626441816,-0.0343293130324,-0.707098910278,-0.705894337849
1489621382992104472,284,1489621382991995464,fcu,18.8011703491,28.0236415863,1.9914431572,-0.0167260031729,-0.0293331085364,-0.707299611075,-0.706106981791
1489621383258944476,285,1489621383258820341,fcu,18.9762191772,28.1237697601,1.99184429646,-0.00373825732915,-0.0231995717914,-0.707550792194,-0.706271677024
1489621383491763807,286,1489621383491642549,fcu,19.1273612976,28.2369861603,1.99214684963,0.0120220853255,-0.0188673755322,-0.707607782681,-0.706251171676
1489621383724842986,287,1489621383724746242,fcu,19.255115509,28.363527298,1.99221313,0.0160578416405,-0.019608021029,-0.707453097737,-0.706305731065
1489621383959991316,288,1489621383959845386,fcu,19.3668441772,28.5012683868,1.99275159836,0.00792358296475,-0.0229371539597,-0.707292381103,-0.706504487909
1489621384194102773,289,1489621384193985042,fcu,19.47356987,28.6437244415,1.99310815334,0.00366598705783,-0.0259344456778,-0.70723352606,-0.706494660053
1489621384459304015,290,1489621384459201893,fcu,19.578578949,28.7871780396,1.99332535267,0.000503203303896,-0.025767298194,-0.707271412901,-0.706472180361
1489621384690901017,291,1489621384690792633,fcu,19.6830654144,28.9251022339,1.99348080158,-0.00351045043452,-0.0205712827551,-0.707435610803,-0.706469642399
1489621384924672293,292,1489621384924556281,fcu,19.7904109955,29.0515880585,1.99249613285,-0.0114216536151,-0.0184637463824,-0.707512303778,-0.706367451049
1489621385160170805,293,1489621385160055525,fcu,19.8974952698,29.1702404022,1.99172651768,-0.0122440141733,-0.0180326689975,-0.707658608824,-0.706218238452
1489621385393290991,294,1489621385393207862,fcu,20.0053462982,29.2848033905,1.99151957035,-0.00685190111118,-0.0190464719729,-0.707767541087,-0.706155359068
1489621385657947527,295,1489621385657831308,fcu,20.1074390411,29.4012794495,1.99133348465,0.00106948134233,-0.019942969264,-0.707715822202,-0.70621487466
1489621385891605461,296,1489621385891515998,fcu,20.1998500824,29.5163288116,1.99130988121,0.003618464699,-0.0141620283612,-0.707641227833,-0.706420721905
1489621386126714378,297,1489621386126597853,fcu,20.288236618,29.6245365143,1.99143588543,-0.00308753368413,-0.0127421952099,-0.707549939951,-0.706541708657
1489621386360690327,298,1489621386360597488,fcu,20.3755588531,29.7263851166,1.99145722389,-0.010199606578,-0.0142335683734,-0.707515261047,-0.706481088878
1489621386593352263,299,1489621386593245266,fcu,20.4664058685,29.8201084137,1.99155974388,-0.0106624908629,-0.0148797280647,-0.707641692391,-0.706334297745
1489621386857726363,300,1489621386857642644,fcu,20.5557632446,29.9053688049,1.99145102501,-0.00817409252797,-0.0115414821908,-0.707766437265,-0.706304926134
1489621387091504781,301,1489621387091405657,fcu,20.6411380768,29.979724884,1.99154269695,-0.0109264145784,-0.00584903504698,-0.707812164293,-0.706291966776
1489621387326924163,302,1489621387326845383,fcu,20.7188739777,30.0465679169,1.99126315117,-0.00611494783115,-0.00458107262469,-0.707904633976,-0.706266699188
1489621387560689714,303,1489621387560594657,fcu,20.7856369019,30.1184120178,1.99113833904,0.00199874416391,-0.00913693144564,-0.707874739256,-0.706276061486
1489621387794059066,304,1489621387793955643,fcu,20.8468055725,30.1939125061,1.99089062214,0.00245386196139,-0.0119913103691,-0.707737371162,-0.706369591996
1489621388059489190,305,1489621388059372916,fcu,20.9092216492,30.2721233368,1.99062001705,-0.00203359835091,-0.0156276302177,-0.707576611871,-0.706460883549
1489621388290616139,306,1489621388290543322,fcu,20.9796714783,30.3557758331,1.99071598053,-0.00436460905768,-0.022698070285,-0.707421065293,-0.706414314813
1489621388524997604,307,1489621388524902401,fcu,21.0629920959,30.4495544434,1.99113798141,-0.00551681357931,-0.0300676093868,-0.707241975162,-0.706310337035
1489621388759965812,308,1489621388759865745,fcu,21.1573390961,30.558921814,1.99099385738,-0.00514859505503,-0.0357651871903,-0.707073470978,-0.706216291226
1489621388994694606,309,1489621388994615111,fcu,21.2662982941,30.6803417206,1.99077582359,-0.00520483150616,-0.0390285909782,-0.706833009932,-0.706283777872
1489621389259644001,310,1489621389259535224,fcu,21.386636734,30.8112716675,1.99115598202,-0.00642378695345,-0.0364147628403,-0.706771622249,-0.706474751135
1489621389491471702,311,1489621389491368158,fcu,21.5158538818,30.9504241943,1.99140703678,-0.00593557349251,-0.0364080163314,-0.706817203701,-0.706433766086
1489621389724676709,312,1489621389724581490,fcu,21.6503562927,31.0952796936,1.99131596088,-0.0043073687674,-0.0341165703519,-0.70696571173,-0.706411345209
1489621389959480127,313,1489621389959355492,fcu,21.7813625336,31.2474479675,1.99139237404,-0.00307799929368,-0.0291621386456,-0.707202699969,-0.706402460886
1489621390194358907,314,1489621390194270883,fcu,21.9080524445,31.3995094299,1.99166095257,-0.00192030881385,-0.0256881115247,-0.707392574074,-0.706351314493
1489621390459265837,315,1489621390459168745,fcu,22.0288181305,31.5471305847,1.99182665348,-0.00230312067757,-0.0204832633895,-0.707557660191,-0.706354931363
1489621390691405914,316,1489621390691306045,fcu,22.1452312469,31.6843738556,1.99182057381,-0.00755853477678,-0.0170721671477,-0.707618599696,-0.706347879607
1489621390925479210,317,1489621390925378721,fcu,22.2612705231,31.8068714142,1.99156105518,-0.0130902786966,-0.0156892387332,-0.707658633512,-0.706258982816
1489621391161094536,318,1489621391160955904,fcu,22.3741436005,31.9206390381,1.99124515057,-0.0126577669769,-0.0145922755339,-0.707771446453,-0.706177333264
1489621391393784986,319,1489621391393662801,fcu,22.4870376587,32.0277519226,1.99108338356,-0.00940030001076,-0.0185137668431,-0.70777635909,-0.706131361937
1489621391658533132,320,1489621391658443855,fcu,22.5979347229,32.1314849854,1.99100995064,-0.00663059528191,-0.0174777117386,-0.707696357021,-0.706269375704
1489621391891504894,321,1489621391891407503,fcu,22.7023887634,32.2303314209,1.99140655994,-0.0055212205412,-0.013012361206,-0.707647209756,-0.706424533198
1489621392126531847,322,1489621392126435553,fcu,22.7910060883,32.3228683472,1.99163484573,-0.000596015378301,-0.00570226845729,-0.707705663574,-0.706484127667
1489621392361021415,323,1489621392360918833,fcu,22.8490791321,32.4165992737,1.99160766602,0.0143146787585,0.00268381387299,-0.707726567304,-0.706336317236
1489621392593867677,324,1489621392593781940,fcu,22.8808345795,32.5110740662,1.99179399014,0.0168888838632,0.00290656598548,-0.707760546531,-0.706244522987
1489621392857893762,325,1489621392857805335,fcu,22.8979701996,32.6070823669,1.99186348915,0.0129257772744,-0.00431139168833,-0.70776847378,-0.706313049367
1489621393091692995,326,1489621393091606272,fcu,22.9122409821,32.7028884888,1.99150240421,0.0059493205743,-0.010821903906,-0.707720655921,-0.706384431569
1489621393325708448,327,1489621393325622682,fcu,22.9335613251,32.7974281311,1.99130403996,-0.00160264025459,-0.0155833223463,-0.707633418877,-0.706406070258
1489621393560635923,328,1489621393560512225,fcu,22.9631195068,32.8991088867,1.99138379097,-0.00296067637629,-0.0223871839815,-0.707531636445,-0.706320771192
1489621393793402940,329,1489621393793305114,fcu,23.0076808929,33.0111885071,1.99118518829,-0.000392864376881,-0.0305550307034,-0.707340844665,-0.706211841606
1489621394058836768,330,1489621394058726954,fcu,23.0716209412,33.1377105713,1.990670681,-0.00171962607921,-0.037872390779,-0.706922712908,-0.706274028178
1489621394292517113,331,1489621394292399860,fcu,23.1599235535,33.2746963501,1.9903845787,-0.00901937391975,-0.0413635191726,-0.706464407802,-0.706481245813
1489621394526315693,332,1489621394526231343,fcu,23.2750473022,33.4158287048,1.99056005478,-0.0160325843122,-0.0433593977688,-0.706212835411,-0.706488747232
1489621394759286299,333,1489621394759185007,fcu,23.4094905853,33.5582923889,1.99080526829,-0.019937712207,-0.038714517247,-0.706409121893,-0.70646289803
1489621394992879882,334,1489621394992777926,fcu,23.560295105,33.6907920837,1.99098324776,-0.0231067527312,-0.0314232342455,-0.70686907832,-0.706268195832
1489621395259542317,335,1489621395259460597,fcu,23.7192001343,33.8101654053,1.99142503738,-0.0233165595481,-0.0232779175896,-0.707464403728,-0.705980590428
1489621395492566501,336,1489621395492462663,fcu,23.8817863464,33.9177589417,1.9919090271,-0.0210355566474,-0.0217052591781,-0.707887318282,-0.70567834861
1489621395725992824,337,1489621395725888777,fcu,24.0479793549,34.0176963806,1.99217319489,-0.0196554546293,-0.0233626801633,-0.707899081777,-0.705653412305
1489621395960200661,338,1489621395960111464,fcu,24.2144565582,34.1206436157,1.99290311337,-0.0148938743409,-0.0271427206904,-0.707698162739,-0.705836210233
1489621396192385732,339,1489621396192278558,fcu,24.3804302216,34.2240257263,1.99323391914,-0.0114082370169,-0.0261946453555,-0.707387507014,-0.706248262018
1489621396459977225,340,1489621396459874328,fcu,24.5371265411,34.3257369995,1.9938120842,-0.0065563264925,-0.018388036528,-0.70735255234,-0.706591297281
1489621396692277544,341,1489621396692187869,fcu,24.6771411896,34.4196891785,1.99427521229,-0.00445102782832,-0.00983286814418,-0.707473077781,-0.706657871441
1489621396926746150,342,1489621396926654925,fcu,24.7921218872,34.5013923645,1.99449443817,-0.00127988527783,0.00146744673106,-0.707696009076,-0.706514378645
1489621397159681343,343,1489621397159580663,fcu,24.8684597015,34.569896698,1.99441599846,0.00494966350264,0.0154174932788,-0.707762749577,-0.706264604835
1489621397426034031,344,1489621397425932526,fcu,24.9006099701,34.6156806946,1.99421000481,0.0108082579992,0.0300583032728,-0.707489179531,-0.706001941081
1489621397659641132,345,1489621397659536763,fcu,24.8815898895,34.6350784302,1.99384605885,0.014981544662,0.0438664781934,-0.706863407278,-0.705829589109
1489621397892629440,346,1489621397892533940,fcu,24.8160686493,34.6268539429,1.99352931976,0.0155228444091,0.0495370296182,-0.706318138711,-0.705988534557
1489621398125908925,347,1489621398125790636,fcu,24.7115154266,34.5897407532,1.99350667,0.0120158296552,0.0523718435503,-0.705993766364,-0.706176756695
1489621398359799427,348,1489621398359703631,fcu,24.5722141266,34.5253944397,1.99318575859,0.00678532256451,0.0562431530965,-0.705677705394,-0.706264570283
1489621398625772871,349,1489621398625671468,fcu,24.4167308807,34.4337463379,1.99288988113,-0.00126557616955,0.0492877752644,-0.705887893962,-0.70660554391
1489621398860022772,350,1489621398859947777,fcu,24.2665939331,34.3307266235,1.9932038784,-0.00591255056312,0.0294567158618,-0.706679961011,-0.706895166444
1489621399093136889,351,1489621399093050449,fcu,24.1388568878,34.2365455627,1.99334192276,-0.00572689889202,0.00445482634922,-0.707520774641,-0.706655298291
1489621399325567193,352,1489621399325458606,fcu,24.048997879,34.1702537537,1.99281048775,-0.00475208381714,-0.0207200518648,-0.707869525652,-0.706023251603
1489621399559141255,353,1489621399559028192,fcu,24.0023097992,34.1508331299,1.99190461636,-0.0022158267527,-0.0428831501016,-0.707417449674,-0.705490380831
1489621399826078163,354,1489621399825981028,fcu,24.0067520142,34.1821060181,1.99111902714,-0.00219482417501,-0.0609570576579,-0.706087513848,-0.705492624098
1489621400059364830,355,1489621400059211404,fcu,24.067237854,34.2598838806,1.99040353298,-0.0103845327016,-0.0715830498736,-0.704364934702,-0.706143092591
1489621400292719229,356,1489621400292612091,fcu,24.1801490784,34.3785896301,1.98995542526,-0.0159967495933,-0.0769182932306,-0.703282302251,-0.706556213977
1489621400526312874,357,1489621400526215290,fcu,24.3340473175,34.5365638733,1.99020421505,-0.0102339835551,-0.0764119717799,-0.703490106239,-0.706511250139
1489621400759392879,358,1489621400759317887,fcu,24.509344101,34.7320556641,1.9907695055,-0.00340027514891,-0.0710492226688,-0.704114006906,-0.706515329887
1489621401026278341,359,1489621401026176110,fcu,24.6996421814,34.951587677,1.99121034145,-0.00218481791702,-0.0620151862058,-0.704890209257,-0.706596869611
1489621401259506744,360,1489621401259411867,fcu,24.897518158,35.1854782104,1.99145531654,-0.000922588097286,-0.0560077150891,-0.705683179642,-0.706309800762
1489621401493118991,361,1489621401493039073,fcu,25.1014041901,35.4196166992,1.99206185341,-0.00887328773347,-0.0472835971413,-0.706157459486,-0.70641855059
1489621401725715934,362,1489621401725597161,fcu,25.3090286255,35.6351509094,1.99192142487,-0.0210898415583,-0.0343641737111,-0.706738977219,-0.706324528973
1489621401959812627,363,1489621401959731316,fcu,25.5143852234,35.830291748,1.99200630188,-0.0234435421348,-0.0261712089571,-0.707523831466,-0.705815483014
1489621402226584720,364,1489621402226485888,fcu,25.7182712555,36.0040359497,1.99240803719,-0.0215049397635,-0.02358028707,-0.708031865521,-0.70545898891
1489621402459199861,365,1489621402459094465,fcu,25.9150562286,36.1647949219,1.99266290665,-0.0138315715111,-0.0218178242771,-0.708179853971,-0.705559327487
1489621402693138856,366,1489621402693038630,fcu,26.0993423462,36.3197212219,1.99251902103,-0.00528372348165,-0.0227802660614,-0.707893412884,-0.705932048953
1489621402925894763,367,1489621402925818633,fcu,26.2671146393,36.4726982117,1.99210608006,0.000675981939785,-0.0208442042371,-0.707478359672,-0.706427231067
1489621403160238716,368,1489621403160147178,fcu,26.4158554077,36.6275749207,1.99194443226,0.00216350923518,-0.0199430812713,-0.707201887697,-0.706727021398
1489621403425922048,369,1489621403425771642,fcu,26.5513725281,36.7815246582,1.99174463749,0.00341631100065,-0.0208798366048,-0.707155602591,-0.706741335261
1489621403659185084,370,1489621403659073234,fcu,26.6773719788,36.9277801514,1.99180948734,-0.00125680180279,-0.0175451155775,-0.707321565398,-0.706673044973
1489621403893296636,371,1489621403893209342,fcu,26.8003692627,37.057434082,1.99199283123,-0.0121419153625,-0.0146979196568,-0.70746941512,-0.706486780994
1489621404125955956,372,1489621404125883624,fcu,26.9258060455,37.1690406799,1.99214661121,-0.0188649584297,-0.0140326700788,-0.707655896052,-0.7061659368
1489621404359550021,373,1489621404359453199,fcu,27.0517120361,37.2665901184,1.99197626114,-0.0203001614742,-0.0136643876102,-0.707832525348,-0.705956304608
1489621404626449392,374,1489621404626299461,fcu,27.1798744202,37.3497009277,1.99191129208,-0.0200112171167,-0.0137201556569,-0.707876013835,-0.705919866242
1489621404859279484,375,1489621404859156465,fcu,27.3084068298,37.4247894287,1.99198210239,-0.0138183389476,-0.0147899056552,-0.707860454537,-0.706062241663
1489621405093602142,376,1489621405093470421,fcu,27.4310722351,37.4950942993,1.99135649204,-0.00876220777135,-0.0125760726047,-0.707708166937,-0.706338599089
1489621405325876767,377,1489621405325798080,fcu,27.546125412,37.5558662415,1.99112999439,-0.0106265910643,-0.00702027858271,-0.707569703276,-0.70652877242
1489621405559332796,378,1489621405559234903,fcu,27.6495304108,37.6044845581,1.99128091335,-0.0161017201098,-0.000617763129728,-0.707561813984,-0.706467715023
1489621405826239569,379,1489621405826110034,fcu,27.7407741547,37.6316833496,1.99133050442,-0.0149624588606,0.00797511338477,-0.707668261285,-0.706341386555
1489621406059416544,380,1489621406059291764,fcu,27.8167037964,37.634853363,1.99157214165,-0.0151671248917,0.0148830408052,-0.707737473524,-0.706155876551
1489621406293697181,381,1489621406293576874,fcu,27.877155304,37.6130752563,1.99134492874,-0.017695239315,0.0194522102071,-0.707712794438,-0.706010687322
1489621406526540788,382,1489621406526437266,fcu,27.9173316956,37.5698394775,1.99117457867,-0.0132842572107,0.0257076533251,-0.707487820045,-0.706132869621
1489621406758873176,383,1489621406758745376,fcu,27.9277648926,37.5130996704,1.99133062363,-0.00586741899533,0.0307330130259,-0.707184535879,-0.706336384111
1489621407026004941,384,1489621407025928660,fcu,27.9065189362,37.4432296753,1.99130022526,0.00268148029623,0.0351716084153,-0.706839056279,-0.706494385076
1489621407260937011,385,1489621407260845259,fcu,27.852848053,37.3689346313,1.99105572701,0.011414956374,0.0348368253862,-0.706677692868,-0.706585262209
1489621407493869311,386,1489621407493745114,fcu,27.7698822021,37.2968902588,1.99141228199,0.0171362984233,0.0312487061449,-0.706857983064,-0.706457116475
1489621407725666299,387,1489621407725560356,fcu,27.6579303741,37.2306365967,1.99175107479,0.0225115509108,0.0312956472037,-0.707032621258,-0.706129368472
1489621407958054015,388,1489621407957983106,fcu,27.5182037354,37.1805725098,1.99153423309,0.0299207262209,0.0248983282342,-0.70718800605,-0.705953219054
1489621408225467458,389,1489621408225353230,fcu,27.3663158417,37.1553535461,1.99106156826,0.0326716465434,0.00943660751422,-0.707551016753,-0.705843518524
1489621408460628596,390,1489621408460548709,fcu,27.2159442902,37.1635627747,1.99087274075,0.0310170333228,-0.00756926230938,-0.707844496274,-0.705646383826
1489621408694115841,391,1489621408694003204,fcu,27.0777988434,37.2101745605,1.99056994915,0.030263439311,-0.0221396191721,-0.707809945063,-0.705407005333
1489621408926174743,392,1489621408926097330,fcu,26.9762039185,37.3068618774,1.98969554901,0.0233666896053,-0.0502577148495,-0.706628049644,-0.705411198785
1489621409158353242,393,1489621409158271144,fcu,26.9370288849,37.4685783386,1.98837244511,0.0106532119755,-0.0886271887601,-0.703303210655,-0.705263301448
1489621409425539134,394,1489621409425435570,fcu,26.9673423767,37.6894721985,1.98739552498,0.00482106784239,-0.0989876834338,-0.701358174291,-0.705885902387
1489621409660428424,395,1489621409660326330,fcu,27.0559215546,37.9584960937,1.98745620251,0.00264919677074,-0.0965627560345,-0.700846633426,-0.706740838157
1489621409894745702,396,1489621409894645621,fcu,27.1932640076,38.2571487427,1.98824632168,-0.00613308111495,-0.0890129458921,-0.701039458213,-0.707518733892
1489621410125806954,397,1489621410125733961,fcu,27.3700332642,38.562877655,1.98863625526,-0.0167861447505,-0.0748896109893,-0.702480909785,-0.707552360535
1489621410358627935,398,1489621410358528438,fcu,27.5697193146,38.8594551086,1.98905742168,-0.0265253347026,-0.0568901925384,-0.704713821084,-0.706709518108
1489621410626263672,399,1489621410626156745,fcu,27.7877140045,39.1244239807,1.98947799206,-0.0342149006648,-0.0389862334005,-0.706910676337,-0.705398263294
