%time,field.header.seq,field.header.stamp,field.header.frame_id,field.pose.position.x,field.pose.position.y,field.pose.position.z,field.pose.orientation.x,field.pose.orientation.y,field.pose.orientation.z,field.pose.orientation.w
1489621327253946790,51,1489621327253799363,fcu,-0.0373058579862,0.027317347005,1.99814641476,-0.00322741644942,-0.000599131190885,-0.709087947513,-0.705112407717
1489621327488351885,52,1489621327488258239,fcu,-0.0390446595848,0.0289905779064,1.99818563461,-0.00313543636518,-0.000655422622131,-0.709091423013,-0.705109277537
1489621327722261742,53,1489621327722176080,fcu,-0.0399232283235,0.03122702986,1.99857258797,-0.00293206969389,-0.00052808962937,-0.709102708389,-0.705098910114
1489621327987752177,54,1489621327987641337,fcu,-0.0401760488749,0.0325322151184,1.99917972088,-0.00329090677584,-0.000173655620232,-0.709107680591,-0.705092502515
1489621328221628093,55,1489621328221539255,fcu,-0.0395753569901,0.0327294319868,1.99948215485,-0.00357939109127,-2.32625730286e-05,-0.709116278352,-0.705082471201
1489621328454908575,56,1489621328454796149,fcu,-0.0405508764088,0.0344306007028,1.99908971786,-0.00335841406526,-0.000135814494165,-0.709112385138,-0.705087461138
1489621328687812630,57,1489621328687724189,fcu,-0.0421251989901,0.0373776108027,1.99952733517,-0.00330865421513,-0.000224965603737,-0.70911742446,-0.705082605462
1489621328921989010,58,1489621328921789779,fcu,-0.0424931496382,0.0397639945149,2.00014591217,-0.00349822671664,-0.000115545576945,-0.7091233331,-0.705075774305
1489621329187701676,59,1489621329187596099,fcu,-0.0424812436104,0.0409771353006,2.0003285408,-0.00346787780321,4.02016523469e-05,-0.709119607047,-0.705079679971
1489621329420887618,60,1489621329420801698,fcu,-0.0422551967204,0.0403655320406,2.00009322166,-0.00349715897671,5.71581920601e-05,-0.709113908217,-0.705085265614
1489621329654985796,61,1489621329654871167,fcu,-0.0413141921163,0.0402238219976,2.00011229515,-0.00380464492395,-0.000477492650599,-0.709102645494,-0.705094841019
1489621329888590970,62,1489621329888477535,fcu,-0.0301731526852,0.0381276644766,2.00018715858,-0.0124001461492,-0.005040587472,-0.709050412927,-0.705030737473
1489621330121651842,63,1489621330121541340,fcu,0.00770506123081,0.0281839389354,2.00040698051,-0.0286748842985,-0.0133014653014,-0.708839116527,-0.704661570481
1489621330386953722,64,1489621330386842884,fcu,0.0888367369771,0.00691147241741,2.00017404556,-0.0458082800481,-0.0234022780433,-0.708502992539,-0.703830550931
1489621330621770693,65,1489621330621691263,fcu,0.221952468157,-0.0304074380547,1.99993097782,-0.0597658056046,-0.0288849191253,-0.708208413385,-0.70287591589
1489621330855755285,66,1489621330855637764,fcu,0.404549986124,-0.0844495147467,2.00012207031,-0.0665843830397,-0.0300975557252,-0.708309946863,-0.702109447487
1489621331088204004,67,1489621331088098630,fcu,0.629141151905,-0.153486818075,2.00047826767,-0.0667656455998,-0.0286462246329,-0.708708990222,-0.701750176031
1489621331320810622,68,1489621331320723861,fcu,0.887410521507,-0.233263164759,2.00096678734,-0.0614694494912,-0.0290051232597,-0.709110011042,-0.701814221746
1489621331588345128,69,1489621331588245176,fcu,1.16870701313,-0.317408233881,2.00131559372,-0.0560040924083,-0.0277498924095,-0.709086746171,-0.702345692312
1489621331821379136,70,1489621331821303573,fcu,1.46299040318,-0.401270359755,2.00211596489,-0.0494019529186,-0.0265517684967,-0.708892696198,-0.703082922503
1489621332054075452,71,1489621332053966165,fcu,1.76358091831,-0.484300374985,2.00320267677,-0.0458480298496,-0.0237785502075,-0.708540142953,-0.703777951156
1489621332287980077,72,1489621332287873116,fcu,2.06186485291,-0.569581747055,2.00427174568,-0.0442281355438,-0.0167012593158,-0.708426893307,-0.704199032095
1489621332522548508,73,1489621332522439480,fcu,2.3486866951,-0.66064286232,2.00507116318,-0.0380510076299,-0.0085070029626,-0.708741401147,-0.704390075185
1489621332788624255,74,1489621332788516720,fcu,2.60771799088,-0.752323508263,2.00518369675,-0.0235772608924,0.00017876811968,-0.70917487805,-0.704638256947
1489621333020821940,75,1489621333020681152,fcu,2.82291078568,-0.838456869125,2.00525331497,-0.00629022656082,0.0101890496972,-0.709200055986,-0.704905594321
1489621333254270935,76,1489621333254157661,fcu,2.98156499863,-0.91143321991,2.00568246841,0.0114139725436,0.0172385262507,-0.708887661202,-0.705018324754
1489621333489173476,77,1489621333489051472,fcu,3.07587432861,-0.964667141438,2.00550484657,0.0288949411395,0.0213550494987,-0.708462822709,-0.704832939835
1489621333722676621,78,1489621333722572593,fcu,3.10249781609,-0.991721630096,2.0049905777,0.0452072519332,0.0237931189123,-0.708145788921,-0.704215686774
1489621333988129529,79,1489621333988023984,fcu,3.05938649178,-0.986720561981,2.00400948524,0.0604033708302,0.0235544140416,-0.708039086775,-0.703190780635
1489621334221283728,80,1489621334221181475,fcu,2.94270706177,-0.942009150982,2.00243067741,0.0751698451086,0.0242539258204,-0.70813781474,-0.701642413772
1489621334456000918,81,1489621334455873302,fcu,2.74331378937,-0.853100419044,2.00015306473,0.0983371773518,0.029993326614,-0.707874128282,-0.698816441148
1489621334688404965,82,1489621334688318931,fcu,2.4756257534,-0.723913431168,1.99943101406,0.099744643452,0.0268567939007,-0.708916052781,-0.697687429178
1489621334920992868,83,1489621334920898364,fcu,2.17540740967,-0.569575846195,1.9997099638,0.0742586856158,0.0139485791868,-0.710468441872,-0.699661116436
1489621335188027338,84,1489621335187910229,fcu,1.87028503418,-0.401426881552,2.00006556511,0.0554917292714,0.0049259284317,-0.710243081736,-0.7017486502
1489621335422433986,85,1489621335422319178,fcu,1.57789170742,-0.228701621294,2.00030136108,0.0399496142814,-0.00142947057978,-0.709407420882,-0.703664050617
1489621335655454961,86,1489621335655355164,fcu,1.31313025951,-0.0583940036595,2.00001907349,0.0236575945651,-0.00631707280583,-0.708668254941,-0.705116811067
1489621335887553790,87,1489621335887458980,fcu,1.09026277065,0.101988360286,1.99977624416,0.0055750526797,-0.0125325223705,-0.708227333599,-0.705851187301
1489621336121278974,88,1489621336121178278,fcu,0.923511862755,0.245218858123,1.99924945831,-0.0128128819137,-0.020653230644,-0.708042051194,-0.705751888317
1489621336389205435,89,1489621336389114484,fcu,0.824042379856,0.366656988859,1.99806022644,-0.0318440836544,-0.0280617616586,-0.707944473413,-0.704991570469
1489621336621888054,90,1489621336621784610,fcu,0.801479101181,0.460086613894,1.99692559242,-0.0504139530747,-0.0340426783874,-0.707847973779,-0.703740559724
1489621336854393241,91,1489621336854299356,fcu,0.858926236629,0.522253155708,1.99612116814,-0.0673807550569,-0.0375293124315,-0.707753276435,-0.702236914618
1489621337088633369,92,1489621337088558114,fcu,0.995378136635,0.548711597919,1.99538576603,-0.0821130558768,-0.0393331150382,-0.7077474848,-0.700573943189
1489621337322447875,93,1489621337322363925,fcu,1.20784366131,0.541693329811,1.99503195286,-0.0881409954943,-0.0424655747976,-0.708268326074,-0.699130758979
1489621337587944162,94,1489621337587803416,fcu,1.4842249155,0.506028354168,1.99569201469,-0.0878651339538,-0.0398213216264,-0.708588469001,-0.698996682523
1489621337821614951,95,1489621337821511851,fcu,1.80606210232,0.444592952728,1.99752545357,-0.0841514090582,-0.0328976317706,-0.708792968918,-0.699606184499
1489621338055482613,96,1489621338055364219,fcu,2.15656757355,0.368051558733,1.99975824356,-0.0749418147024,-0.0294772035787,-0.709169940615,-0.700423310725
1489621338288374643,97,1489621338288274269,fcu,2.52371263504,0.284417837858,2.00234818459,-0.0636754959143,-0.0291197560435,-0.709230941904,-0.701490514601
1489621338522393806,98,1489621338522301282,fcu,2.8837647438,0.198638528585,2.00490093231,-0.0488830885629,-0.0220002600847,-0.708994560768,-0.703173623659
1489621338788401012,99,1489621338788285963,fcu,3.20881509781,0.112402223051,2.00709891319,-0.0246560902095,3.26663842358e-06,-0.70875886871,-0.705019817615
1489621339021094423,100,1489621339020974387,fcu,3.48729276657,0.0250514727086,2.00845885277,-0.0146325896926,0.010405154834,-0.70849762792,-0.705484749164
1489621339255088610,101,1489621339254995456,fcu,3.72237229347,-0.0605865940452,2.00891709328,-0.0119010218621,0.010210174422,-0.708646422408,-0.705389513691
1489621339488880613,102,1489621339488768320,fcu,3.91518735886,-0.139107733965,2.00891637802,-0.00403424740942,0.00935094031062,-0.708891047177,-0.705244473921
1489621339721817551,103,1489621339721664564,fcu,4.06596374512,-0.201198935509,2.00880885124,0.00820484513227,0.00707114457062,-0.709024891688,-0.705100264074
1489621339988324604,104,1489621339988232954,fcu,4.17004203796,-0.239749595523,2.00868654251,0.0223048133537,0.00600308419453,-0.708977779014,-0.704852443526
1489621340221548319,105,1489621340221457113,fcu,4.22224760056,-0.249971956015,2.00837087631,0.0365491273143,0.00770210845992,-0.708874556563,-0.704344874245
1489621340455280113,106,1489621340455199021,fcu,4.2170381546,-0.227649748325,2.00739812851,0.0491561137205,0.0120423035118,-0.708824679735,-0.703566793424
1489621340688484344,107,1489621340688389793,fcu,4.1497168541,-0.174689054489,2.00569725037,0.0597240084826,0.0177503091353,-0.708801991925,-0.702650486074
1489621340921764304,108,1489621340921657499,fcu,4.02201747894,-0.0964825004339,2.00390648842,0.0683320320714,0.0222867417632,-0.708758396415,-0.701780286162
1489621341188234790,109,1489621341188150235,fcu,3.83629703522,0.00492971204221,2.00270342827,0.0730707743712,0.0258394364098,-0.708756578569,-0.701182642251
1489621341421564298,110,1489621341421450863,fcu,3.60111618042,0.125672027469,2.00119066238,0.0731131253975,0.0261330894867,-0.708860910824,-0.701061867194
1489621341655372273,111,1489621341655284775,fcu,3.33177137375,0.262604653835,2.00003266335,0.0664671983819,0.0196459637436,-0.708987821241,-0.701806538143
1489621341888316692,112,1489621341888204988,fcu,3.04503965378,0.410796999931,1.99956929684,0.0567864885697,0.0125974921128,-0.709156251726,-0.702647855292
1489621342122155950,113,1489621342122068705,fcu,2.75786280632,0.558380186558,1.9993956089,0.0421614059974,0.0124973398309,-0.709388792915,-0.703444221547
1489621342388411896,114,1489621342388329038,fcu,2.48916745186,0.69688886404,1.99943625927,0.0226068333927,0.00573850939863,-0.709223468268,-0.704597809145
1489621342621559553,115,1489621342621452276,fcu,2.2617995739,0.821607172489,1.99933218956,0.00126733400033,-0.00679633192869,-0.708800560276,-0.705375055902
1489621342854463145,116,1489621342854342992,fcu,2.09556078911,0.928003966808,1.9986487627,-0.0204023545652,-0.0190001721395,-0.708314829011,-0.705345901235
1489621343088951836,117,1489621343088833697,fcu,2.00329637527,1.01406753063,1.99747431278,-0.0405040143714,-0.0291170231735,-0.707882036826,-0.704566991648
1489621343322219139,118,1489621343322126120,fcu,1.99478971958,1.07720005512,1.99615395069,-0.0572370255611,-0.0383223812267,-0.707639746826,-0.70320786878
1489621343587733987,119,1489621343587660988,fcu,2.07353711128,1.11869239807,1.9949439764,-0.0692131540861,-0.0486081679019,-0.707508035495,-0.701626086334
1489621343821718122,120,1489621343821607234,fcu,2.24959182739,1.13690745831,1.99358487129,-0.0837628791657,-0.057753410922,-0.706735900342,-0.700123339683
1489621344055600710,121,1489621344055506828,fcu,2.54176640511,1.12454009056,1.99126625061,-0.121037034514,-0.0729905472544,-0.703967096191,-0.696026395884
1489621344288412708,122,1489621344288321330,fcu,2.94034004211,1.08960151672,1.99151277542,-0.125339770123,-0.0775374301493,-0.70516856973,-0.69355257711
1489621344553087587,123,1489621344552997767,fcu,3.38801431656,1.05400490761,1.99615240097,-0.0819277119612,-0.0617199951885,-0.709711069369,-0.696985430423
1489621344788036160,124,1489621344787930516,fcu,3.81718015671,1.03271102905,2.00230693817,-0.0322544172316,-0.0322243824453,-0.710518247114,-0.702200158262
1489621345022173434,125,1489621345022068785,fcu,4.19736003876,1.03065156937,2.00731992722,-0.00394169396232,-0.0162179967966,-0.708679330973,-0.705333286809
1489621345254968734,126,1489621345254877824,fcu,4.5269742012,1.04529321194,2.01017785072,-0.00111033114593,-0.0138237061493,-0.707292111778,-0.706785357043
1489621345488632588,127,1489621345488540070,fcu,4.81981706619,1.06342077255,2.0109603405,-0.00990211062938,-0.0114353072089,-0.707261914041,-0.706789761457
1489621345754731137,128,1489621345754606672,fcu,5.10029459,1.07540905476,2.01008033752,-0.0268553145765,-0.0186107471589,-0.707840256295,-0.70561647071
1489621345988367909,129,1489621345988284389,fcu,5.38574266434,1.0775898695,2.00899553299,-0.0402193123595,-0.0256918334759,-0.708476546399,-0.704118825063
1489621346222038095,130,1489621346221928491,fcu,5.67464971542,1.06765520573,2.00844049454,-0.041442247568,-0.0225175583798,-0.709089478104,-0.703539346251
1489621346455197557,131,1489621346455078877,fcu,5.95808362961,1.05126714706,2.00839328766,-0.0364661286409,-0.0174571224827,-0.709481781768,-0.70356312558
1489621346688554405,132,1489621346688475689,fcu,6.22880268097,1.03881168365,2.00838088989,-0.0233156209594,-0.0178323424111,-0.709584019803,-0.704009167712
1489621346954831262,133,1489621346954661455,fcu,6.48072767258,1.03830838203,2.00806379318,-0.0113151772993,-0.0207646301715,-0.709140488689,-0.704670535924
1489621347188773500,134,1489621347188616416,fcu,6.71249294281,1.05281186104,2.00790429115,-0.00492375982108,-0.0207081155491,-0.708574694022,-0.705314705314
1489621347421404875,135,1489621347421293004,fcu,6.92486381531,1.08061420918,2.00769424438,-0.00231823883698,-0.0204343338908,-0.70826890718,-0.705643124313
1489621347655379111,136,1489621347655266237,fcu,7.12458276749,1.11341404915,2.00732970238,-0.00828914110062,-0.0187485672205,-0.708237806731,-0.705676264646
1489621347888198312,137,1489621347888105303,fcu,7.32805109024,1.13197410107,2.00643372536,-0.0342910964261,-0.0162638294639,-0.708073850695,-0.705117742309
1489621348155177494,138,1489621348155074770,fcu,7.54609107971,1.1291513443,2.00578141212,-0.0464600926804,-0.0163443860919,-0.708477746806,-0.7040125021
1489621348388196886,139,1489621348388102545,fcu,7.77359724045,1.11320149899,2.00515294075,-0.0419510492359,-0.017843667435,-0.709319041172,-0.703411835863
1489621348622280387,140,1489621348622164979,fcu,7.99947166443,1.09460389614,2.00463962555,-0.0289790974471,-0.0156785163076,-0.709720053018,-0.703712897694
1489621348854908710,141,1489621348854793819,fcu,8.21172046661,1.08520936966,2.00422668457,-0.013798709642,-0.0153585763062,-0.709520894227,-0.704381864049
1489621349089083747,142,1489621349088954563,fcu,8.40487194061,1.09465396404,2.00363445282,-0.00275051159171,-0.0191118285197,-0.708907742786,-0.70503686777
1489621349355200017,143,1489621349355121856,fcu,8.57932567596,1.12995815277,2.00319504738,0.00795528717345,-0.024449667204,-0.708349457402,-0.70539348833
1489621349587765215,144,1489621349587656488,fcu,8.72628879547,1.19808101654,2.00239658356,0.0222333651273,-0.0259297704531,-0.708129116988,-0.705256320889
1489621349821511289,145,1489621349821411429,fcu,8.83331871033,1.3032541275,2.00182938576,0.0402746174731,-0.0210592698891,-0.708299509861,-0.704447490356
1489621350055974459,146,1489621350055805190,fcu,8.89780426025,1.4371984005,2.00125288963,0.0418620278073,-0.013300222459,-0.708821699574,-0.704018801541
1489621350288452062,147,1489621350288344741,fcu,8.93082046509,1.58305978775,2.00076508522,0.0321207359081,-0.00885917012053,-0.709268272357,-0.704150758898
1489621350555156785,148,1489621350555078698,fcu,8.94643688202,1.72232925892,2.00020098686,0.015528368056,-0.00387065073753,-0.70942072673,-0.704603519956
1489621350787773732,149,1489621350787685644,fcu,8.95669269562,1.84979391098,1.99952709675,0.00444762515524,-0.0034400627313,-0.709191369268,-0.704993607315
1489621351022110657,150,1489621351022013737,fcu,8.97170829773,1.96907424927,1.99858808517,-0.000229525194735,-0.0133178269055,-0.708874613539,-0.705208738661
1489621351255139148,151,1489621351255048518,fcu,9.00020599365,2.08018445969,1.9974064827,-0.00762639180679,-0.0185675423374,-0.70863257752,-0.705292105866
1489621351488020443,152,1489621351487915425,fcu,9.04836750031,2.17498540878,1.99658465385,-0.0211255463562,-0.016827380069,-0.708468245651,-0.705225705342
1489621351754859265,153,1489621351754756622,fcu,9.12393093109,2.24468255043,1.99578404427,-0.0337552688316,-0.0143575738074,-0.708488407118,-0.704768486015
1489621351988346359,154,1489621351988235325,fcu,9.23116397858,2.2884311676,1.99535310268,-0.0429808488319,-0.0165208871506,-0.708733602878,-0.703971865257
1489621352221782060,155,1489621352221694196,fcu,9.36454868317,2.31548404694,1.99520611763,-0.0390544724299,-0.0199766926753,-0.7092596316,-0.703581164412
1489621352455543098,156,1489621352455442658,fcu,9.513920784,2.34444212914,1.99550259113,-0.0249878350922,-0.0249362849887,-0.709507137544,-0.703813477821
1489621352688667319,157,1489621352688597172,fcu,9.66953468323,2.39017033577,1.99567615986,-0.0108720356161,-0.0311373829069,-0.70904079169,-0.704395782176
1489621352954687993,158,1489621352954571127,fcu,9.8319568634,2.45441818237,1.99562346935,-0.00627384091365,-0.0344762602419,-0.708147668253,-0.705194233065
1489621353188474989,159,1489621353188384751,fcu,10.0092048645,2.52760958672,1.99572765827,-0.019539537626,-0.0389194245239,-0.707186409489,-0.705684679654
1489621353422230616,160,1489621353422122066,fcu,10.2049255371,2.59827232361,1.99604928493,-0.0291649883931,-0.0354631305322,-0.707178215577,-0.705542869879
1489621353655315994,161,1489621353655194684,fcu,10.40807724,2.66550278664,1.99653506279,-0.0267170887349,-0.0276037738813,-0.708120011787,-0.705046294752
1489621353887960077,162,1489621353887838493,fcu,10.6066617966,2.73163127899,1.99649846554,-0.0174954318127,-0.0224005153188,-0.709053279817,-0.704581842769
1489621354155428540,163,1489621354155341064,fcu,10.7904920578,2.79192256927,1.99671709538,-0.0118314400955,-0.0119954988813,-0.709434698896,-0.704569750298
1489621354387978040,164,1489621354387853553,fcu,10.9518852234,2.84164237976,1.99710154533,-0.00890613513167,-0.000373963923446,-0.709431432585,-0.704718087868
1489621354622564353,165,1489621354622469749,fcu,11.0930433273,2.88002824783,1.99741947651,-0.00858234388159,0.00113689639122,-0.709276356141,-0.704877366255
1489621354855222806,166,1489621354855113564,fcu,11.2242116928,2.91289424896,1.99854207039,-0.0126009174308,-0.00802297058102,-0.709088168058,-0.70496157253
1489621355087914442,167,1489621355087799289,fcu,11.3530187607,2.93994522095,1.99907541275,-0.0169203981858,-0.00999314280122,-0.70889608117,-0.705039136023
1489621355354570192,168,1489621355354493034,fcu,11.4758882523,2.96171498299,1.99946093559,-0.0144384852402,-0.00822718623007,-0.708909079209,-0.705104078109
1489621355589177634,169,1489621355589098335,fcu,11.5892944336,2.98117256165,1.99983501434,-0.00874506293592,-0.00560758490625,-0.70898839293,-0.705143629026
1489621355821603227,170,1489621355821481424,fcu,11.6906375885,3.00614213943,2.00050735474,-0.000875677430705,-0.00858097801852,-0.709050210051,-0.705105240111
1489621356055539762,171,1489621356055451054,fcu,11.779551506,3.04107356071,2.00069236755,0.00239390204081,-0.00988491844086,-0.709027246412,-0.705107737488
1489621356288462669,172,1489621356288391874,fcu,11.8620662689,3.08484101295,2.00046491623,-0.000618764541183,-0.0132544843066,-0.708944357845,-0.705139584236
1489621356555493913,173,1489621356555392665,fcu,11.9473028183,3.13488721848,2.00054812431,-0.00416101571886,-0.0185397081975,-0.708823655907,-0.705129768195
1489621356787773722,174,1489621356787662521,fcu,12.0410442352,3.18706464767,2.00016665459,-0.0121757466333,-0.0202211289601,-0.708667034381,-0.70514813445
1489621357022395865,175,1489621357022275106,fcu,12.1437797546,3.23630332947,2.00016212463,-0.0178697693482,-0.0186704070153,-0.70869706982,-0.705039396398
1489621357255816974,176,1489621357255709151,fcu,12.2479562759,3.28295826912,2.00082492828,-0.0143283465145,-0.0144962727728,-0.708949951249,-0.704964199932
1489621357488401155,177,1489621357488304319,fcu,12.3500204086,3.3321352005,2.00115036964,-0.00880270593675,-0.0142995008912,-0.709131003854,-0.704876766546
1489621357754596167,178,1489621357754513999,fcu,12.4505739212,3.38771224022,2.00132846832,-0.00437625512108,-0.0176687565197,-0.709078806284,-0.704894254419
1489621357989194009,179,1489621357989104546,fcu,12.5524587631,3.45130562782,2.00151658058,-0.00324055511284,-0.0218454264957,-0.708842597012,-0.705020885368
1489621358221606487,180,1489621358221498271,fcu,12.6541872025,3.51933670044,2.00157213211,-0.00539104918002,-0.0177683617745,-0.708723879458,-0.705241578889
1489621358455133179,181,1489621358455031493,fcu,12.7510328293,3.58713173866,2.00166082382,-0.00692990288741,-0.0122677893217,-0.708808580181,-0.70526014665
1489621358689029783,182,1489621358688930038,fcu,12.8435430527,3.65757799149,2.00200104713,-0.00506258486295,-0.0154951487435,-0.708935764251,-0.705084642271
1489621358954672510,183,1489621358954562688,fcu,12.9343748093,3.73678088188,2.00179481506,0.00165299493257,-0.0214683948213,-0.708946064579,-0.704933935308
1489621359188540954,184,1489621359188460350,fcu,13.0304851532,3.83154630661,2.00189995766,0.000783627083994,-0.0304588943032,-0.708602938046,-0.704949301637
1489621359422083749,185,1489621359422003583,fcu,13.1415128708,3.94191241264,2.00192713737,-0.0037632816354,-0.0406455003071,-0.707995183479,-0.705036595636
1489621359655165203,186,1489621359655073947,fcu,13.2679595947,4.06640148163,2.00168275833,-0.00760636175368,-0.042014703289,-0.707696539115,-0.705225153049
1489621359888442067,187,1489621359888368812,fcu,13.4052457809,4.19918012619,2.00174856186,-0.00771969161236,-0.0370643546974,-0.707853314315,-0.705344118417
1489621360154749384,188,1489621360154662768,fcu,13.5523662567,4.33254480362,2.00196790695,-0.0121024977244,-0.0332709773044,-0.708036978997,-0.705287323004
1489621360388913446,189,1489621360388834124,fcu,13.7070732117,4.46077060699,2.0022277832,-0.0154425449881,-0.0292049591544,-0.708338453417,-0.705099449422
1489621360622925367,190,1489621360622833530,fcu,13.8655605316,4.58122062683,2.00233912468,-0.0161090472528,-0.0244862274107,-0.708708071222,-0.70489275287
1489621360854525666,191,1489621360854447067,fcu,14.0224409103,4.69328308105,2.00222444534,-0.0145637764602,-0.0202217495082,-0.708990855905,-0.704777229701
1489621361088255968,192,1489621361088184917,fcu,14.175579071,4.80090045929,2.00197839737,-0.0123099396952,-0.0206159513113,-0.709058566309,-0.704740659733
1489621361356033938,193,1489621361355920486,fcu,14.3242816925,4.90606641769,2.00156664848,-0.00760876653921,-0.0198589399316,-0.709026936069,-0.704860648005
1489621361590276713,194,1489621361590174620,fcu,14.4652662277,5.00595378876,2.00175404549,-0.00779690797694,-0.0172309247806,-0.70886573269,-0.705089835748
1489621361821467486,195,1489621361821367437,fcu,14.5946474075,5.10044288635,2.00200724602,-0.00486234210314,-0.0111521958372,-0.708880678178,-0.705223489586
1489621362054491481,196,1489621362054392244,fcu,14.7081956863,5.1931476593,2.00248098373,0.00148520404361,-0.00991692852626,-0.708947095093,-0.705190375046
1489621362321326612,197,1489621362321225015,fcu,14.8114051819,5.28485584259,2.00275921822,-0.00119692628586,-0.0125463137392,-0.708932217998,-0.705164000544
1489621362555943903,198,1489621362555848977,fcu,14.917011261,5.37000846863,2.00248241425,-0.011079033543,-0.0160312851674,-0.708838328811,-0.705101749054
1489621362789585959,199,1489621362789476511,fcu,15.035574913,5.44681787491,2.00200867653,-0.0214336300977,-0.0220625146015,-0.708677908545,-0.704861310394
1489621363021417622,200,1489621363021303909,fcu,15.1679344177,5.51921129227,2.00192809105,-0.0214176219225,-0.0267054733496,-0.708709962183,-0.704668924153
1489621363254706027,201,1489621363254603767,fcu,15.3043851852,5.5958404541,2.00188541412,-0.0113037269259,-0.0237469100428,-0.708900737164,-0.704817745853
1489621363522791782,202,1489621363522689872,fcu,15.4360208511,5.67837953568,2.00163269043,-0.00441239380039,-0.0210720250579,-0.708845212163,-0.705035435801
1489621363755518332,203,1489621363755425352,fcu,15.5604114532,5.76143503189,2.00151634216,-0.00518049465354,-0.015611088378,-0.708760942175,-0.705256962562
1489621363988615620,204,1489621363988517269,fcu,15.6775817871,5.84089183807,2.00152564049,-0.00667241297435,-0.0127466804777,-0.708818392139,-0.705244275416
1489621364221550488,205,1489621364221434506,fcu,15.7914514542,5.91749095917,2.00164079666,-0.00711461228825,-0.0158388626892,-0.708896518887,-0.705098743603
1489621364456383370,206,1489621364456290164,fcu,15.9020109177,5.99194097519,2.00157380104,-0.00890512046153,-0.0159145194628,-0.708937719057,-0.705035273868
1489621364722450273,207,1489621364722362121,fcu,16.0072040558,6.06095027924,2.00158548355,-0.0100453919988,-0.0103069348456,-0.709014471794,-0.705047045225
1489621364954767667,208,1489621364954671936,fcu,16.1067638397,6.12493181229,2.00176954269,-0.00594882429612,-0.00874001860255,-0.709115553377,-0.705013017981
1489621365188359572,209,1489621365188272825,fcu,16.204618454,6.1865773201,2.00162339211,-0.00694226142453,-0.0133695830855,-0.709047877044,-0.704999409442
1489621365422851635,210,1489621365422705160,fcu,16.3085384369,6.24814558029,2.00169372559,-0.0130710043813,-0.0182797653563,-0.708873815303,-0.704977242896
1489621365655317918,211,1489621365655216675,fcu,16.4162960052,6.31445455551,2.00145864487,-0.00993152946945,-0.0223132399427,-0.708848854726,-0.704937433536
1489621365922117152,212,1489621365922024445,fcu,16.526348114,6.39023542404,2.00123882294,-0.00594996634016,-0.0246685660322,-0.708752124186,-0.70500105405
1489621366154979133,213,1489621366154868346,fcu,16.6442317963,6.47303628922,2.00093007088,-0.00741636673703,-0.027801570719,-0.708524584366,-0.705099272102
1489621366389248545,214,1489621366389152402,fcu,16.773859024,6.56706523895,2.00107979774,-0.00828048665258,-0.0342856856451,-0.708283072659,-0.705046817088
1489621366621917873,215,1489621366621803218,fcu,16.9117126465,6.67439317703,2.00094151497,-0.00523480740286,-0.0368359184846,-0.708202735733,-0.70502808242
1489621366855683344,216,1489621366855584938,fcu,17.047416687,6.79624700546,2.0009958744,0.00129033596032,-0.0322506337474,-0.708362605774,-0.705110381711
1489621367121838230,217,1489621367121724300,fcu,17.1748180389,6.92799329758,2.00110721588,0.00368472744922,-0.0264657285209,-0.70849833826,-0.70520641849
1489621367354819740,218,1489621367354714542,fcu,17.295873642,7.06240749359,2.00134849548,0.000468227726446,-0.0236509336295,-0.70856712531,-0.705246795832
1489621367589011162,219,1489621367588924971,fcu,17.4112110138,7.19533872604,2.00135231018,-0.00144157754728,-0.0209050398366,-0.708708324322,-0.705190337569
1489621367821725012,220,1489621367821614145,fcu,17.5141830444,7.32550287247,2.00183320045,0.00352201843431,-0.0153879997849,-0.708965710477,-0.705066256614
1489621368056036424,221,1489621368055953553,fcu,17.6022396088,7.45120477676,2.00193762779,0.00438363800176,-0.00907187989241,-0.709116582919,-0.705019259696
1489621368321626290,222,1489621368321548997,fcu,17.6816654205,7.56688928604,2.00200247765,-0.00253566087859,-0.00896221449666,-0.709103690938,-0.705042697028
1489621368555272929,223,1489621368555184772,fcu,17.7655277252,7.66689729691,2.00143575668,-0.0136829429355,-0.011731658953,-0.708969204209,-0.705009086987
1489621368788972944,224,1489621368788867046,fcu,17.8625888824,7.75258016586,2.00101780891,-0.0212472047188,-0.016815375728,-0.708880697151,-0.70480774445
1489621369021791063,225,1489621369021707932,fcu,17.9702758789,7.8289475441,2.00077009201,-0.0181752255825,-0.0183226871872,-0.70896016764,-0.704776149574
1489621369255823005,226,1489621369255733800,fcu,18.078207016,7.90038585663,2.00105667114,-0.0116695639094,-0.0139845268971,-0.709036995094,-0.70493602112
1489621369522009511,227,1489621369521895897,fcu,18.1785526276,7.96849679947,2.00142240524,-0.00718181206203,-0.00970430672337,-0.709039703704,-0.705065207323
1489621369754973922,228,1489621369754870647,fcu,18.267583847,8.03583431244,2.0015642643,-0.00117230568129,-0.00785488205149,-0.709050500644,-0.705112979645
1489621369989444132,229,1489621369989320133,fcu,18.3451805115,8.10506725311,2.00142049789,0.00249690452361,-0.00747735965862,-0.709035040587,-0.705129183753
1489621370221998954,230,1489621370221891770,fcu,18.4110221863,8.17629814148,2.00123548508,0.00449825973013,-0.00765949984392,-0.709048586,-0.705103680612
1489621370456157308,231,1489621370456064659,fcu,18.4659461975,8.25568199158,2.00120186806,0.00589097084651,-0.0126606815494,-0.708991966345,-0.705078290166
1489621370721828213,232,1489621370721708541,fcu,18.5134620667,8.3455247879,2.00098395348,0.00947693759537,-0.0155134164834,-0.708953174698,-0.705021217871
1489621370954993025,233,1489621370954901803,fcu,18.5600547791,8.44783592224,2.00052547455,0.00859372332862,-0.0211605800437,-0.708830388239,-0.70500911943
1489621371189443546,234,1489621371189324223,fcu,18.612651825,8.56357192993,2.00041818619,0.00566541779204,-0.027773792174,-0.708588750255,-0.705052127521
1489621371421713155,235,1489621371421616676,fcu,18.6772689819,8.68660640717,2.00047087669,-0.00265752633212,-0.0304142523809,-0.708333528017,-0.705217359325
1489621371656257425,236,1489621371656170661,fcu,18.7494125366,8.8142490387,2.00079798698,-0.00337122491142,-0.0261815226655,-0.708478391432,-0.705238634497
1489621371922477766,237,1489621371922391314,fcu,18.8263473511,8.94448471069,2.00123620033,-0.00202006215132,-0.0247542559354,-0.708628538006,-0.705144482561
1489621372155249410,238,1489621372155138426,fcu,18.9126472473,9.07367610931,2.00132679939,-0.0069423218522,-0.025914173838,-0.70863524164,-0.705064787142
1489621372388063073,239,1489621372387945383,fcu,19.0128498077,9.20146274567,2.00142526627,-0.0118596573162,-0.0289798561321,-0.708562508309,-0.704952968847
1489621372623147283,240,1489621372623048260,fcu,19.1294326782,9.32660961151,2.00128388405,-0.0148322785487,-0.0324375855962,-0.70844663634,-0.704862518519
1489621372855958393,241,1489621372855804377,fcu,19.2595920563,9.45152568817,2.00105404854,-0.015685243881,-0.0323784029574,-0.708433132537,-0.704860347069
1489621373121545034,242,1489621373121420849,fcu,19.3985023499,9.57953166962,2.00071978569,-0.0126080825407,-0.0318233441854,-0.708473208769,-0.704907102727
1489621373354670977,243,1489621373354582376,fcu,19.541437149,9.70900058746,2.00056052208,-0.00787230483018,-0.0293233157331,-0.708539356964,-0.705017836373
1489621373589811923,244,1489621373589734831,fcu,19.6832275391,9.83798789978,2.00045800209,-0.0068667324194,-0.0254229693799,-0.708576884772,-0.705142055887
1489621373822501797,245,1489621373822391988,fcu,19.8183555603,9.96168231964,2.00088310242,-0.00601801001818,-0.0186502053573,-0.708743093679,-0.705194427487
1489621374055347849,246,1489621374055264721,fcu,19.944562912,10.0779933929,2.00113987923,-0.00720209742304,-0.0148490706703,-0.708891827359,-0.705124111059
1489621374321098428,247,1489621374321003326,fcu,20.0623779297,10.1852388382,2.00087499619,-0.00809309920437,-0.012476325502,-0.709012942615,-0.70503864451
1489621374556531845,248,1489621374556423699,fcu,20.1716842651,10.2834892273,2.00083589554,-0.006389906569,-0.0107350647195,-0.709110811496,-0.704986371853
1489621374789870678,249,1489621374789756939,fcu,20.2681598663,10.3745880127,2.00073862076,-0.00137149785783,-0.00705041664052,-0.709154126559,-0.705016904339
1489621375022374369,250,1489621375022288956,fcu,20.3532810211,10.4629926682,2.0011985302,0.000998764769096,-0.00794269782935,-0.709088577111,-0.705073971886
1489621375255011253,251,1489621375254918297,fcu,20.4328804016,10.5579814911,2.00140929222,0.00311051569141,-0.0168615950485,-0.70890578175,-0.705094748176
1489621375522467666,252,1489621375522377559,fcu,20.5170783997,10.6633224487,2.00118923187,-2.63419839641e-05,-0.027578510276,-0.708567112852,-0.705104298428
1489621375755745457,253,1489621375755624918,fcu,20.6136436462,10.7779331207,2.00042510033,-0.0052743100347,-0.0328691754525,-0.708261186647,-0.705165151186
1489621375989161528,254,1489621375989085503,fcu,20.7242488861,10.8984718323,2.00005960464,-0.00933250237713,-0.0333652484333,-0.708168147608,-0.705193263801
1489621376222302327,255,1489621376222216907,fcu,20.8436489105,11.0235929489,2.00039100647,-0.00750012643951,-0.0315405940167,-0.708378466584,-0.705087857726
1489621376455833121,256,1489621376455731065,fcu,20.9632434845,11.1519298553,2.00105667114,-0.00346098298167,-0.0262058182402,-0.708644021177,-0.705070867315
1489621376722185190,257,1489621376722067804,fcu,21.0800247192,11.2763195038,2.00175976753,-0.0068664181501,-0.0199051760444,-0.708756944114,-0.70513844771
1489621376955492772,258,1489621376955386581,fcu,21.1939697266,11.3869810104,2.00191378593,-0.0109427339854,-0.0135632601591,-0.708896092477,-0.705097599356
1489621377189093133,259,1489621377188983632,fcu,21.3073291779,11.4798803329,2.00193810463,-0.0175868893601,-0.00947529410369,-0.709018700585,-0.704906662151
1489621377421138035,260,1489621377421046277,fcu,21.4276313782,11.5603590012,2.00154900551,-0.020187381121,-0.0156270809432,-0.709152030961,-0.704593259242
1489621377655451708,261,1489621377655355675,fcu,21.5548744202,11.6393547058,2.00138187408,-0.0169650053864,-0.0235594423272,-0.709099415154,-0.704510582389
1489621377922682131,262,1489621377922585114,fcu,21.690580368,11.7193231583,2.00160431862,-0.0163614733689,-0.0250217789294,-0.708797194643,-0.704778511048
1489621378156067518,263,1489621378155975217,fcu,21.8308620453,11.7990179062,2.00155639648,-0.0157639822933,-0.0242855566097,-0.708608096492,-0.705007995833
1489621378388132157,264,1489621378388042267,fcu,21.9630184174,11.8809642792,2.00160574913,-0.0048477146244,-0.0164999716679,-0.708791527596,-0.705208352904
1489621378622204467,265,1489621378622109090,fcu,22.0741977692,11.9663906097,2.00178623199,0.00747165270039,-0.00893536194816,-0.708935190641,-0.705177445175
1489621378889466372,266,1489621378889335600,fcu,22.1641750336,12.0554380417,2.0016207695,0.0086621873388,-0.00666378208617,-0.708991294511,-0.705132544154
1489621379122479497,267,1489621379122407244,fcu,22.2427883148,12.1446838379,2.00121092796,0.00167553956983,-0.0102351360579,-0.709007978602,-0.705124188237
1489621379355149445,268,1489621379355038279,fcu,22.3213481903,12.2333660126,2.00121474266,-0.00404080431349,-0.0163723360842,-0.708949047212,-0.70505805929
1489621379589542163,269,1489621379589379633,fcu,22.4041194916,12.3253879547,2.00112366676,-0.0053228577233,-0.0224740804653,-0.708832125669,-0.704999007455
1489621379822323226,270,1489621379822211062,fcu,22.4927482605,12.425737381,2.00090765953,-0.002205334145,-0.0276675642937,-0.708701859553,-0.704961925677
1489621380088759648,271,1489621380088663981,fcu,22.5863113403,12.5367517471,2.00068378448,-0.00110160797584,-0.028345299723,-0.708546369707,-0.705093874898
1489621380322462156,272,1489621380322358319,fcu,22.6819019318,12.6526088715,2.0008263588,-0.0041180989285,-0.0259756433157,-0.708474683247,-0.705246007017
1489621380555872498,273,1489621380555782736,fcu,22.7800693512,12.7663068771,2.00125551224,-0.00741886210955,-0.0214143657199,-0.7085871787,-0.705259240002
1489621380789305648,274,1489621380789181040,fcu,22.8807315826,12.8741893768,2.00145053864,-0.00894448131676,-0.0187453014321,-0.708776153346,-0.705127629849
1489621381022592366,275,1489621381022489467,fcu,22.982881546,12.9759426117,2.00129675865,-0.00930435742774,-0.0177620891132,-0.708936189008,-0.704987529704
1489621381287952064,276,1489621381287842160,fcu,23.0867938995,13.0748710632,2.00113129616,-0.0104304783005,-0.0188999102636,-0.708989655097,-0.70488840782
1489621381523214384,277,1489621381523131024,fcu,23.1918697357,13.1754741669,2.00128293037,-0.00729751131325,-0.0203291881299,-0.708993942529,-0.704883720834
1489621381755824498,278,1489621381755746754,fcu,23.3023033142,13.2735462189,2.00137495995,-0.00982225607718,-0.0221528758511,-0.708805490972,-0.70498762354
1489621381988516667,279,1489621381988408810,fcu,23.4307575226,13.3667068481,2.00119161606,-0.0218762456106,-0.028767301252,-0.708373146494,-0.704912304888
1489621382222408653,280,1489621382222308639,fcu,23.5864334106,13.4535703659,2.00113534927,-0.0320795273431,-0.0362441795531,-0.70800027583,-0.7045515402
1489621382488991247,281,1489621382488860485,fcu,23.7620010376,13.5399913788,2.00127243996,-0.0279778401006,-0.0356657133544,-0.708275610972,-0.704479138269
1489621382721911612,282,1489621382721810738,fcu,23.9482631683,13.6280326843,2.00186038017,-0.0224167739492,-0.0321020141063,-0.708495124448,-0.70462870192
1489621382955699621,283,1489621382955600233,fcu,24.136182785,13.716635704,2.0021469593,-0.0168664983934,-0.0275161653999,-0.708671938551,-0.704799592355
1489621383189409792,284,1489621383189292315,fcu,24.3120765686,13.8095254898,2.00166726112,-0.00439382215274,-0.0216800555211,-0.708918365349,-0.704943558585
1489621383421947459,285,1489621383421830794,fcu,24.4642848969,13.9155359268,2.00160598755,0.0114215934243,-0.0177227562433,-0.708960726796,-0.704932719467
1489621383688799224,286,1489621383688716663,fcu,24.5906352997,14.0385084152,2.00147223473,0.0167697039251,-0.0193901053219,-0.708763860568,-0.704979851342
1489621383921798124,287,1489621383921671636,fcu,24.7023086548,14.1726446152,2.00128602982,0.00935779622823,-0.023310503514,-0.708557588284,-0.705205782847
1489621384156079449,288,1489621384155966622,fcu,24.8108158112,14.313246727,2.00131297112,0.00476428007912,-0.0262778223363,-0.708485647646,-0.705219728006
1489621384388770661,289,1489621384388676943,fcu,24.9175376892,14.4562530518,2.0014705658,0.00141739428386,-0.0265773701513,-0.708506110432,-0.705202613346
1489621384622680163,290,1489621384622591078,fcu,25.024017334,14.5944728851,2.00167274475,-0.00232634254263,-0.0212920972148,-0.708680227199,-0.705204630092
1489621384888433929,291,1489621384888327393,fcu,25.1321258545,14.7240200043,2.00164937973,-0.0100769638522,-0.0190361876021,-0.708774243799,-0.705106481099
1489621385123122480,292,1489621385123002673,fcu,25.2406959534,14.8453063965,2.00170683861,-0.0112150289515,-0.0184292659729,-0.708929294836,-0.704949530253
1489621385355085734,293,1489621385354993777,fcu,25.3480510712,14.9632616043,2.0012075901,-0.00613151945171,-0.0191760486032,-0.709050941643,-0.704869807684
1489621385589296125,294,1489621385589186817,fcu,25.4498939514,15.0833244324,2.00061631203,0.0013853724381,-0.0205763077375,-0.709005085972,-0.704901755118
1489621385822556605,295,1489621385822457647,fcu,25.5428218842,15.2035903931,1.99980890751,0.00375410817898,-0.0152465141055,-0.708921961932,-0.705112120425
1489621386089417884,296,1489621386089295612,fcu,25.6282043457,15.3187656403,1.99925351143,-0.00291095686487,-0.013556618273,-0.708814229459,-0.705258911711
1489621386322190570,297,1489621386322027399,fcu,25.7148170471,15.4255838394,1.99876344204,-0.0105696411112,-0.014931550039,-0.708773902866,-0.705198472855
1489621386555764998,298,1489621386555682032,fcu,25.8058700562,15.5226078033,1.99904954433,-0.0117237411519,-0.0154908751918,-0.708917716039,-0.705023587241
1489621386788457677,299,1489621386788349073,fcu,25.8966655731,15.6104402542,1.99904870987,-0.00926907335041,-0.0121383504185,-0.709057121357,-0.704985633457
1489621387023215991,300,1489621387023112372,fcu,25.9845619202,15.685634613,1.99890124798,-0.0122368564684,-0.00623990024203,-0.709094639011,-0.704979514536
1489621387289206852,301,1489621387289128342,fcu,26.0642814636,15.7539281845,1.99944281578,-0.00757171921777,-0.00452799932632,-0.709195142355,-0.704957031563
1489621387522851670,302,1489621387522714362,fcu,26.1342811584,15.8241252899,2.00013303757,0.00113242094667,-0.00900674044332,-0.709189317155,-0.704959650393
1489621387755782559,303,1489621387755693048,fcu,26.1979885101,15.8968133926,2.00023055077,0.00240643434484,-0.0117808940744,-0.709057094387,-0.705048549043
1489621387988462750,304,1489621387988365455,fcu,26.2614517212,15.9726495743,2.00008130074,-0.00199460913379,-0.0151314518747,-0.708895368433,-0.705148507276
1489621388222933590,305,1489621388222835896,fcu,26.3307857513,16.0543632507,2.00031089783,-0.00446154484488,-0.0220669146671,-0.708738371193,-0.70511209541
1489621388489359720,306,1489621388489261427,fcu,26.4117584229,16.1483573914,2.00038433075,-0.00565659474213,-0.0296318397178,-0.708538345814,-0.705027211901
1489621388721899130,307,1489621388721794330,fcu,26.5061397552,16.2577648163,2.0005261898,-0.00528507236719,-0.0357654479258,-0.708320735336,-0.704964280399
1489621388955922094,308,1489621388955811374,fcu,26.6146373749,16.3797779083,2.00057458878,-0.00535317499855,-0.03931029718,-0.70808317535,-0.705013660037
1489621389189202213,309,1489621389189120339,fcu,26.7353992462,16.5111236572,2.00058436394,-0.00670106619505,-0.0365703480498,-0.708073057452,-0.705159734149
1489621389422576348,310,1489621389422477730,fcu,26.8651599884,16.6496524811,2.00055217743,-0.00649225377099,-0.036266539429,-0.708159588743,-0.705090480456
1489621389689206324,311,1489621389689122729,fcu,26.9982337952,16.7965450287,2.00065016747,-0.00437834634191,-0.0344832962278,-0.708318134613,-0.705036986649
1489621389922806997,312,1489621389922727395,fcu,27.1289272308,16.9489860535,2.00096821785,-0.00285782728087,-0.0296397670307,-0.708519215187,-0.705063003386
1489621390155141631,313,1489621390155052719,fcu,27.2553405762,17.1017570496,2.00148272514,-0.00168596941751,-0.0257264662889,-0.708667315973,-0.705071586232
1489621390389086637,314,1489621390388976770,fcu,27.375787735,17.2501754761,2.00163149834,-0.00223994371457,-0.020322092868,-0.708809793221,-0.705103306068
1489621390622753528,315,1489621390622678955,fcu,27.4907360077,17.3877468109,2.00137710571,-0.00729213539556,-0.0166147441086,-0.708885865168,-0.705089785208
1489621390888631541,316,1489621390888496906,fcu,27.6040115356,17.5129795074,2.00126385689,-0.0130605206942,-0.0155574458304,-0.708927156245,-0.704989131702
1489621391121321886,317,1489621391121223620,fcu,27.7169189453,17.6265144348,2.00089049339,-0.0127979285463,-0.0140703316023,-0.709049913701,-0.704901736893
1489621391355973410,318,1489621391355860969,fcu,27.8293495178,17.7330341339,2.00075984001,-0.00935946857143,-0.017308681644,-0.70909135886,-0.704842006891
1489621391590149847,319,1489621391590066624,fcu,27.9384803772,17.835313797,2.00107312202,-0.00618206265812,-0.0164447089024,-0.709021746431,-0.704967741629
1489621391823274895,320,1489621391823141293,fcu,28.0407466888,17.9316577911,2.00153017044,-0.00482798434382,-0.012176309628,-0.708945531311,-0.705141589814
1489621392088265400,321,1489621392088153798,fcu,28.1277065277,18.0225811005,2.0013730526,-0.0024254472094,-0.00619096840794,-0.708965098464,-0.705212222154
1489621392321977700,322,1489621392321889969,fcu,28.1897296906,18.1103515625,2.00139355659,0.0085550286336,0.00159057098726,-0.70904085995,-0.70511370749
1489621392556155213,323,1489621392556069398,fcu,28.2303524017,18.1953639984,2.00176000595,0.0113460699482,0.00217819782303,-0.709098810934,-0.705014466861
1489621392789115625,324,1489621392789023827,fcu,28.257856369,18.2807102203,2.00221180916,0.00913782071635,-0.00483951783876,-0.709109609138,-0.705022440442
1489621393021764426,325,1489621393021659024,fcu,28.2834796906,18.367017746,2.00230956078,0.00455314496487,-0.0114010535717,-0.709046105333,-0.705055249864
1489621393289070737,326,1489621393288953967,fcu,28.3134975433,18.456287384,2.00234222412,-0.00156218020009,-0.0160655127895,-0.708943365205,-0.705080678946
1489621393523241982,327,1489621393523164781,fcu,28.351984024,18.5523929596,2.00245165825,-0.00187362844727,-0.0224976361178,-0.708829078413,-0.705018924201
1489621393755161174,328,1489621393755062145,fcu,28.403175354,18.6606769562,2.00210928917,0.0012430294458,-0.0303200957979,-0.708655115971,-0.704902172841
1489621393988345404,329,1489621393988249073,fcu,28.4701347351,18.784992218,2.00216460228,0.000617061211403,-0.03754051581,-0.708270194381,-0.704942310165
1489621394223075433,330,1489621394222986951,fcu,28.5586109161,18.9205303192,2.00179648399,-0.00624294875486,-0.0409015898394,-0.707830081842,-0.705169951698
1489621394489765983,331,1489621394489685949,fcu,28.6684246063,19.0643444061,2.00157213211,-0.0130870940405,-0.0429949695551,-0.707563525584,-0.705219127524
1489621394722357860,332,1489621394722247657,fcu,28.7976608276,19.2099437714,2.00172305107,-0.0166431606723,-0.0383264532523,-0.70774237345,-0.705233876814
1489621394955616310,333,1489621394955542786,fcu,28.9411239624,19.3473987579,2.00191736221,-0.019913083622,-0.0310115934016,-0.708181444999,-0.705067933702
1489621395189514647,334,1489621395189437747,fcu,29.0917568207,19.4726352692,2.0020647049,-0.0203473050067,-0.0226385587038,-0.708750804307,-0.704801943977
1489621395455678765,335,1489621395455587272,fcu,29.2460842133,19.5860919952,2.00196862221,-0.0184156018209,-0.0208080819089,-0.7091537761,-0.704506076042
1489621395689460673,336,1489621395689308108,fcu,29.4011497498,19.694152832,2.00193357468,-0.0174546250134,-0.0223960029457,-0.709194451363,-0.704440902613
1489621395922593526,337,1489621395922483579,fcu,29.5573577881,19.8023509979,2.00180625916,-0.012842081958,-0.0259019507525,-0.709036181185,-0.704579210344
1489621396155358993,338,1489621396155246380,fcu,29.7140293121,19.9118442535,2.00200271606,-0.00927965828467,-0.0258666207117,-0.708737746802,-0.704936601499
1489621396389699606,339,1489621396389587129,fcu,29.8666572571,20.0233879089,2.00266385078,-0.00626155737535,-0.0232609987154,-0.708577522139,-0.705221677175
1489621396655665025,340,1489621396655576630,fcu,30.015832901,20.1354064941,2.0029065609,-0.00712450444889,-0.0238402287648,-0.708486057949,-0.705286034613
1489621396889027048,341,1489621396888935561,fcu,30.1576461792,20.2486152649,2.003210783,-0.00726472094852,-0.0216444028304,-0.708593573293,-0.705247397403
1489621397122780993,342,1489621397122669926,fcu,30.2846317291,20.3655757904,2.00369882584,0.00121481533344,-0.0179150603523,-0.708898318967,-0.705082086144
1489621397355790458,343,1489621397355691371,fcu,30.3925762177,20.4833545685,2.00383424759,0.00766789458744,-0.0127055541704,-0.709095981667,-0.704955786606
1489621397589152732,344,1489621397589035800,fcu,30.481584549,20.599155426,2.00380182266,0.00730580660805,-0.00817235481418,-0.709184738429,-0.704937475658
1489621397856280322,345,1489621397856164893,fcu,30.5626754761,20.7109107971,2.00380659103,0.000359341749524,-0.0123677970116,-0.709094759394,-0.705004631666
1489621398088754815,346,1489621398088645218,fcu,30.6459064484,20.8179531097,2.00345945358,-0.00843454403603,-0.017646418755,-0.708906201453,-0.705031531149
1489621398322356630,347,1489621398322261170,fcu,30.7365016937,20.916021347,2.00293016434,-0.0146689574017,-0.0174804994748,-0.708801430663,-0.705038854048
1489621398556162843,348,1489621398556062825,fcu,30.8392734528,21.0050945282,2.00252199173,-0.0189851132559,-0.0204832156834,-0.708781275195,-0.704875242353
1489621398789132967,349,1489621398789007111,fcu,30.9541244507,21.0870399475,2.00255846977,-0.0194041846327,-0.021670772164,-0.70881025742,-0.704799172976
1489621399055561661,350,1489621399055457745,fcu,31.0753631592,21.1665916443,2.00252652168,-0.0143213109039,-0.0207143879384,-0.708936392839,-0.704822676348
1489621399289252906,351,1489621399289164411,fcu,31.1941452026,21.2495861053,2.00227308273,-0.00778913756476,-0.0196802293582,-0.708963587936,-0.704927406823
1489621399522579211,352,1489621399522488516,fcu,31.3029308319,21.3373203278,2.00235724449,-0.000790093753584,-0.0157884802275,-0.708994690161,-0.705036615339
1489621399755833083,353,1489621399755742439,fcu,31.4015464783,21.4290313721,2.00196862221,0.0024660062076,-0.0168183086412,-0.708897093415,-0.70510706581
1489621399989204377,354,1489621399989110618,fcu,31.4952716827,21.5189399719,2.00172781944,-0.00338337695478,-0.0145467048957,-0.708822155626,-0.70522911017
1489621400255994992,355,1489621400255904014,fcu,31.5885219574,21.6002025604,2.0017220974,-0.0109525880869,-0.0107366342018,-0.708860352213,-0.705182080431
1489621400488902093,356,1489621400488809159,fcu,31.6748981476,21.6745910645,2.00203132629,-0.00958160885877,-0.00743040280076,-0.709066043169,-0.705037820483
1489621400722605035,357,1489621400722468065,fcu,31.7513523102,21.7455348969,2.00199627876,-0.00463649826314,-0.00728930954342,-0.709213770536,-0.704940562411
1489621400956365503,358,1489621400956259833,fcu,31.8198757172,21.8117713928,2.00164580345,-0.00288647811074,-0.00650923758407,-0.709220159345,-0.704951107275
1489621401189051712,359,1489621401188945909,fcu,31.8760662079,21.8705234528,2.00137901306,-0.0020715450995,-5.34517671323e-05,-0.709183473537,-0.705020926431
1489621401456058118,360,1489621401455981682,fcu,31.9219284058,21.9197788239,2.00132012367,-0.0042219463847,0.00125972741766,-0.709154158898,-0.705039691913
1489621401688794725,361,1489621401688715450,fcu,31.9641265869,21.9611625671,2.00131964684,-0.00973180632808,-0.00152664607625,-0.709146838127,-0.704992002275
1489621401922763512,362,1489621401922690960,fcu,32.0067405701,21.9952144623,2.00133943558,-0.0111229405857,-0.00303454417804,-0.70915894097,-0.704954373117
1489621402155556978,363,1489621402155465663,fcu,32.0538787842,22.0276584625,2.00171518326,-0.00981364782992,-0.00958894750348,-0.709164225692,-0.704909813664
1489621402389230612,364,1489621402389143548,fcu,32.1040840149,22.0658607483,2.00169181824,-0.00412596107693,-0.0135178953284,-0.709130580181,-0.704935502867
1489621402655827279,365,1489621402655735998,fcu,32.1542167664,22.1178741455,2.0014796257,0.00212003633641,-0.0172605023902,-0.709013052749,-0.704980901539
1489621402888483606,366,1489621402888378614,fcu,32.2028083801,22.193353653,2.00142121315,0.00971700597577,-0.0229510393431,-0.708803173515,-0.704965879177
1489621403123452705,367,1489621403123332781,fcu,32.2544059753,22.297504425,2.00083422661,0.0128456494095,-0.0344578615701,-0.708324252438,-0.70492864779
1489621403355828075,368,1489621403355730604,fcu,32.3132476807,22.4291133881,2.00028443336,0.0137817216328,-0.040213610847,-0.70796468201,-0.704967331638
1489621403589359410,369,1489621403589231506,fcu,32.3784217834,22.5778903961,2.00038123131,0.00800747135007,-0.0356666215609,-0.707993183861,-0.705272588518
1489621403856023359,370,1489621403855907971,fcu,32.4546318054,22.7296333313,2.00040888786,-0.0037899277091,-0.0308450526272,-0.7080996529,-0.705428310134
1489621404088950068,371,1489621404088834163,fcu,32.5419082642,22.8780536652,2.00043845177,-0.0115461451215,-0.0285392664096,-0.70839498343,-0.705144484667
1489621404322207510,372,1489621404322100503,fcu,32.6388168335,23.0160388947,2.00002980232,-0.0148540576139,-0.0241762777581,-0.708763542382,-0.704875241128
1489621404556371066,373,1489621404556249544,fcu,32.7432937622,23.1329689026,1.99954044819,-0.0229030888907,-0.013726023675,-0.709010581369,-0.704692159954
1489621404788867609,374,1489621404788767905,fcu,32.8498497009,23.2330608368,1.99936115742,-0.0183011771206,-0.0114226781682,-0.709387733771,-0.704488206086
1489621405055964291,375,1489621405055864551,fcu,32.9539146423,23.3255405426,1.99920833111,-0.00929176280544,-0.0120237004206,-0.70947962049,-0.704562106476
1489621405289035411,376,1489621405288951607,fcu,33.0516090393,23.4164905548,1.99915063381,-0.00597096831639,-0.0131982980614,-0.709240098554,-0.704818157448
1489621405522598557,377,1489621405522479735,fcu,33.148651123,23.5077037811,1.99939846992,-0.00783772009179,-0.0172243438542,-0.708906378761,-0.705048677947
1489621405755735730,378,1489621405755639057,fcu,33.2496490479,23.6017017365,2.00014638901,-0.00644074135438,-0.0217466290299,-0.708684354056,-0.705161036426
1489621405989263809,379,1489621405989173742,fcu,33.3582305908,23.6995925903,2.00043773651,-0.00718424728906,-0.0260099535216,-0.70852952093,-0.705165077751
1489621406255677639,380,1489621406255577571,fcu,33.4762115479,23.7998771667,2.00029754639,-0.0110091610255,-0.0296721663526,-0.708403242009,-0.705098012782
1489621406489365220,381,1489621406489274512,fcu,33.5972709656,23.9053497314,2.00027990341,-0.00828720024242,-0.0260573133686,-0.708598580463,-0.705081832483
1489621406722144009,382,1489621406722027469,fcu,33.712890625,24.0152626038,2.00067186356,-0.00370664499963,-0.0215884820443,-0.708834085123,-0.705035061535
1489621406956167001,383,1489621406956080667,fcu,33.8206558228,24.1280231476,2.00095868111,-0.000352979914581,-0.0191275427531,-0.708968985345,-0.704980134707
1489621407189348358,384,1489621407189268927,fcu,33.9188270569,24.2452392578,2.00133633614,0.00444704198408,-0.0176573530961,-0.709030392457,-0.704942795034
1489621407456388175,385,1489621407456278712,fcu,34.0048866272,24.3673610687,2.00156664848,0.00763437713057,-0.0180207996729,-0.708974873927,-0.704962123241
1489621407689061704,386,1489621407688956947,fcu,34.0761833191,24.490655899,2.00170183182,0.00616961917018,-0.0113679685309,-0.709012935567,-0.705076848499
1489621407922676640,387,1489621407922590999,fcu,34.1308822632,24.6126594543,2.00199604034,0.00640989619748,-0.00838972380266,-0.709035090413,-0.705094154229
1489621408155992189,388,1489621408155880855,fcu,34.1774749756,24.7327632904,2.00158929825,0.00587632152163,-0.0113870168341,-0.709037498034,-0.705054346186
1489621408389490034,389,1489621408389385718,fcu,34.2267112732,24.8492736816,2.00106024742,-0.00108191747618,-0.0162972968758,-0.708961372948,-0.705058153089
1489621408655714063,390,1489621408655630474,fcu,34.2848701477,24.9613742828,2.00084328651,-0.00700211279358,-0.0197038850186,-0.708897538482,-0.705001423591
1489621408888969114,391,1489621408888857960,fcu,34.3535461426,25.0687580109,2.00091171265,-0.0126852201555,-0.0208217006836,-0.708824799727,-0.704963080779
1489621409122811527,392,1489621409122719498,fcu,34.433139801,25.1693248749,2.00110840797,-0.0164238856773,-0.0188481184449,-0.708835227828,-0.704930935766
1489621409355781519,393,1489621409355647533,fcu,34.516544342,25.2646312714,2.00134158134,-0.0100248816395,-0.0161969804478,-0.709041185904,-0.70490975044
1489621409589292739,394,1489621409589190720,fcu,34.5943717957,25.3659610748,2.00127720833,0.00319733195865,-0.0166842805205,-0.709120293874,-0.704882841803
1489621409855551371,395,1489621409855416542,fcu,34.6676635742,25.4886817932,2.00104522705,0.0143517796215,-0.0283616465378,-0.708697230147,-0.704796338958
1489621410089728536,396,1489621410089655339,fcu,34.7362251282,25.6309127808,2.00091981888,0.0141684042504,-0.0303978551346,-0.708369360895,-0.705044732815
1489621410322595846,397,1489621410322507394,fcu,34.7977409363,25.7704353333,2.00160717964,0.00207279065589,-0.0167986667603,-0.70853781222,-0.705469827128
1489621410554711267,398,1489621410554606639,fcu,34.8533439636,25.8822937012,2.00177431107,-0.0128056491649,0.00230102308211,-0.708774931907,-0.70531469327
